chr1	17008200	17008800	smMHB1	13.9648	16.1224	14.7178	8.79854	14.4096	11.8914	11.978	7.0401	11.4945	7.01038
chr1	17412400	17413200	smMHB2	16.2968	9.78343	15.8379	10.4584	14.8413	10.9063	10.8381	5.46049	10.2136	6.74771
chr1	37932000	37933000	smMHB3	34.9811	1.53397	33.8174	0.410977	33.7336	3.12906	21.9178	3.42606	17.7309	4.3799
chr1	46558100	46559000	smMHB4	16.5153	13.1634	16.8119	7.68521	16.1012	10.1494	13.7661	5.51926	11.7859	8.62924
chr1	63245300	63247800	smMHB5	22.5077	1.32971	22.8833	5.44218	22.344	5.2975	20.8787	0.699218	19.033	4.78798
chr1	72385600	72387200	smMHB6	17.4031	18.317	18.3132	6.77219	18.1365	4.06306	12.9828	3.37027	13.2424	4.04704
chr1	90162200	90163200	smMHB7	19.1783	20.5679	17.4957	8.39908	16.2959	8.80469	12.9975	3.69016	11.6568	3.67568
chr1	90166800	90168400	smMHB8	16.8745	18.8225	16.963	14.1859	15.9553	12.847	13.2325	4.97635	11.6415	7.26213
chr1	91040600	91042800	smMHB9	32.414	32.5004	31.0655	12.8725	30.0148	11.2416	27.1146	6.23948	23.806	6.85305
chr1	94117200	94117900	smMHB10	18.2554	21.7672	17.2264	18.726	19.2725	13.3388	16.0649	8.15151	15.5655	13.5602
chr1	94814400	94816600	smMHB11	20.8652	16.6302	21.4865	6.10986	20.4553	4.37532	16.0785	3.38812	13.9863	7.16395
chr1	149941200	149942000	smMHB12	14.1811	15.7416	17.1662	13.5976	13.9581	16.058	7.0396	7.10732	15.3193	5.70051
chr1	154260400	154262200	smMHB13	18.3833	17.9814	14.9016	14.9879	15.2919	8.30292	11.4754	5.92912	11.8614	7.85818
chr1	167585900	167587800	smMHB14	19.126	12.9062	21.5281	11.1528	18.6349	9.84149	14.6431	6.50851	11.7185	8.13989
chr1	179899500	179900400	smMHB15	20.35	4.69851	19.0685	8.73492	13.6239	8.56032	12.6531	6.96449	13.8467	8.4284
chr1	191673600	191675400	smMHB16	7.8246	35.2167	22.9781	10.0658	26.9551	8.17172	10.1451	5.91292	12.1557	7.88618
chr10	12809400	12812400	smMHB17	39.4226	2.20835	39.3368	7.86806	38.4289	8.18665	33.8216	1.26307	27.814	4.66374
chr10	69449500	69456100	smMHB18	31.267	30.1636	29.7524	9.8644	26.9892	8.65853	25.7171	4.33648	22.2247	8.40627
chr10	70247300	70248300	smMHB19	17.1321	19.9511	14.594	14.1238	15.8996	12.7411	14.7029	8.28273	13.5094	10.5935
chr10	75102200	75104800	smMHB20	25.6111	24.3873	26.101	13.4564	24.4224	11.0905	21.1736	4.2967	19.325	9.86242
chr10	120703900	120705800	smMHB21	21.857	2.9309	21.7868	1.95457	20.5607	4.99098	13.9243	1.98135	15.1865	3.32599
chr11	3050100	3051200	smMHB22	19.8658	14.1805	20.5412	3.30795	19.0784	3.75836	15.9048	1.77279	13.4824	2.80657
chr11	3724600	3728000	smMHB23	17.8168	17.6349	18.511	10.6715	14.8253	10.5096	12.3725	3.9109	9.03742	7.02441
chr11	11925100	11927400	smMHB24	67.499	1.3809	55.2322	0.319253	63.1161	1.94462	48.4877	2.87395	59.6126	4.56609
chr11	22871600	22874400	smMHB25	40.6763	1.61678	43.7311	4.03102	38.6243	0.464824	36.7111	2.56181	33.4359	5.9923
chr11	58130000	58131200	smMHB26	35.1857	1.78083	31.1219	9.79906	34.6723	25.8662	30.8831	2.98855	24.4688	7.83991
chr11	88526400	88527800	smMHB27	22.769	22.3888	20.7727	16.0613	13.1896	9.3524	15.6891	5.0889	12.9226	8.28768
chr11	107900800	107902000	smMHB28	23.6835	2.7843	23.8834	1.66498	21.2057	0.0672613	17.3965	1.35274	13.0812	3.51899
chr11	107923000	107924000	smMHB29	17.6676	17.4829	17.636	5.30749	16.6925	3.19567	12.0605	3.08495	9.905	3.99836
chr11	114424400	114427800	smMHB30	12.1047	13.1819	12.0374	8.7716	10.3038	5.9921	8.21286	2.21882	7.71021	3.47395
chr12	5098000	5102600	smMHB31	15.0957	14.7643	14.8344	4.00163	13.7326	4.61921	10.6346	1.89596	9.01437	4.11269
chr12	13442400	13444200	smMHB32	26.5201	5.81447	25.9118	3.92484	19.9771	9.56197	20.4753	2.48817	20.1035	6.29102
chr12	75226800	75227800	smMHB33	20.8939	0.496978	19.4554	0.220947	16.1342	1.29472	14.3934	0.25815	15.4871	2.87466
chr12	81269400	81272400	smMHB34	24.7052	12.0255	23.998	7.25494	23.0323	10.3548	19.4488	3.62101	15.5152	4.30462
chr12	82473500	82474200	smMHB35	18.3573	21.0312	18.1599	12.5874	13.8026	15.0649	14.6664	7.10033	12.0355	7.12688
chr12	104991200	104992200	smMHB36	10.3727	19.5542	13.9957	16.5782	15.1891	3.75893	11.7885	5.19597	10.6384	8.27045
chr12	109112400	109113400	smMHB37	8.70804	9.77703	22.2015	4.54885	14.327	10.5455	14.2954	3.30902	17.6317	5.91958
chr12	111108800	111110000	smMHB38	26.9781	2.89618	24.4556	6.77807	23.8781	6.89308	19.4215	3.25766	18.9173	4.0968
chr12	113306600	113308100	smMHB39	15.7619	14.4398	14.8768	3.46588	13.4526	9.55252	13.2697	4.16148	12.3821	5.9712
chr12	114365600	114366400	smMHB40	17.4708	17.4721	17.7482	11.2663	16.7078	5.82804	14.8809	3.33185	11.2562	3.4232
chr13	29439400	29440200	smMHB41	18.8783	19.8824	18.6604	13.796	15.0947	9.69889	14.7454	6.30473	15.5587	8.97802
chr13	72503500	72504300	smMHB42	22.4578	3.32774	16.9796	7.47111	23.7635	0	17.9843	2.11821	15.292	2.1364
chr13	81724800	81725600	smMHB43	13.9743	15.284	16.685	12.8534	14.5529	15.0522	14.1853	10.4571	14.7796	13.3773
chr13	84376600	84377200	smMHB44	5.78558	3.19376	16.8481	5.26446	14.5298	1.38552	13.517	2.69812	7.56364	3.42724
chr13	93648800	93650200	smMHB45	10.9916	14.7403	13.1859	4.89289	14.2317	6.20044	9.87932	5.11379	9.70102	7.64197
chr14	8514800	8515400	smMHB46	13.6773	10.4398	15.83	14.3423	14.9199	15.9771	12.6717	5.92581	11.0848	9.7072
chr14	53136800	53137400	smMHB47	19.5308	16.1193	20.3982	11.373	16.6368	4.12065	12.2792	7.78184	11.2807	9.21729
chr14	61376800	61380600	smMHB48	14.0069	14.7582	14.3933	5.05404	11.9101	7.74039	9.58475	3.56123	9.36477	3.24673
chr14	64080900	64081700	smMHB49	19.3828	18.8569	19.1703	3.93932	17.8792	14.9085	15.1269	3.84027	13.6677	7.06692
chr14	77699100	77700000	smMHB50	9.7665	25.6559	17.1614	11.357	14.6296	12.133	14.7531	10.197	13.4783	14.8023
chr14	107957200	107957800	smMHB51	13.8573	17.059	13.2627	17.4136	17.7412	8.36401	12.1124	8.43484	10.4026	10.8213
chr15	7200200	7201400	smMHB52	15.0818	15.2185	14.4472	14.2349	14.9259	13.1652	10.5858	4.84395	11.2705	6.82699
chr15	72630800	72633600	smMHB53	12.0584	12.9116	13.313	5.8768	11.04	5.88636	9.52624	3.27672	7.93703	3.73286
chr15	72636900	72642000	smMHB54	26.1454	7.42197	26.9726	4.53425	25.3245	2.88058	21.8692	1.45372	19.8479	3.9065
chr15	93298600	93299800	smMHB55	17.8239	18.6764	17.3024	4.40869	16.0878	8.16986	14.1609	2.912	13.6368	6.81452
chr15	96884800	96890000	smMHB56	26.0065	4.93211	26.9203	5.71471	21.3786	2.65058	18.6028	1.82877	18.2008	4.14889
chr15	101025200	101026000	smMHB57	21.3325	21.58	20.0688	19.1768	20.2604	7.53608	16.2419	5.52577	13.1714	5.37821
chr16	31156100	31158000	smMHB58	22.003	21.1768	20.8894	5.83788	17.6635	6.15032	14.1711	2.36095	12.9566	4.04175
chr16	85644400	85645000	smMHB59	23.24	0.932838	23.1477	1.98284	20.6685	3.61618	14.9471	0.876515	14.985	6.62871
chr16	89963600	89964700	smMHB60	39.3763	1.2508	35.9503	11.4144	37.9022	0.478208	32.7105	5.32388	29.168	6.08883
chr16	93789400	93790000	smMHB61	15.9474	16.0339	14.7788	12.1147	13.2906	12.3267	11.308	2.273	10.1716	3.22872
chr16	96037000	96038200	smMHB62	17.8004	17.6299	14.4716	10.4347	16.8004	11.4662	12.0175	4.15627	12.4032	4.71438
chr17	12934000	12936400	smMHB63	42.2357	2.5177	39.0904	1.79814	41.7945	13.2369	34.6559	5.95403	32.7504	6.66551
chr17	30636600	30637200	smMHB64	13.2132	15.5829	14.9622	8.09749	13.9359	13.2827	11.3642	6.01686	10.9056	8.4263
chr17	32724200	32724800	smMHB65	14.8005	12.346	15.4216	9.29156	14.5511	4.43675	9.59647	2.21938	9.95992	5.30972
chr17	34181600	34183800	smMHB66	15.3857	15.1656	15.8979	12.0018	13.2384	8.62236	11.8874	3.45976	11.1012	5.00339
chr17	34535400	34536600	smMHB67	27.7541	0.744194	32.3911	0.390603	28.2984	4.57146	27.8978	0.810932	14.437	2.31288
chr17	66688600	66694200	smMHB68	22.9055	19.2968	23.53	6.8973	19.2223	5.73942	16.557	3.73806	14.9557	4.66517
chr17	74176400	74179600	smMHB69	16.4312	14.4599	15.8156	2.73845	14.1834	3.85138	11.6452	2.70351	11.2871	3.75103
chr17	87532900	87534700	smMHB70	35.2031	2.34598	26.19	1.17539	28.9622	0.251772	26.7659	2.66376	21.8893	3.45747
chr18	61515600	61518500	smMHB71	17.4068	17.6644	17.3765	4.55402	15.7636	8.25891	13.0788	3.2357	12.3802	4.60248
chr18	69319000	69319600	smMHB72	13.881	22.8563	14.7451	13.522	14.1264	13.9885	13.9661	8.81296	11.6229	12.0844
chr18	80155800	80156800	smMHB73	21.8101	2.63949	20.1168	7.29647	20.5421	4.06357	16.9125	1.40661	13.4341	4.66713
chr19	6247700	6248700	smMHB74	22.2455	24.3954	22.1892	14.3544	20.2108	11.9948	20.032	5.30226	19.0641	8.8978
chr19	9643800	9644400	smMHB75	13.0503	13.9012	15.2098	12.8174	13.9712	11.9022	12.0154	7.87682	10.4017	7.53675
chr19	9792200	9793000	smMHB76	20.6292	18.7728	15.1266	10.3574	16.3191	4.51306	14.2843	6.343	15.475	10.9607
chr19	46654400	46655400	smMHB77	29.7699	5.77806	28.5884	3.07548	27.6598	3.6132	21.4848	2.87631	21.5452	4.14176
chr2	27351000	27352600	smMHB78	23.3567	3.44473	14.7656	5.32258	18.7978	3.67657	17.556	3.85332	10.6795	4.52678
chr2	58574600	58575600	smMHB79	18.5873	13.5266	18.5219	10.0397	16.8509	3.08989	13.3799	6.76805	14.4437	8.42851
chr2	59681200	59682100	smMHB80	30.693	1.37253	29.6719	0.812042	27.3695	1.10357	22.2995	2.59815	22.7163	2.67601
chr2	82043500	82044200	smMHB81	18.41	13.9947	18.0975	10.6681	16.5832	13.7257	15.1309	7.65242	12.4658	8.97405
chr2	90153400	90154000	smMHB82	15.4267	17.4218	15.9198	15.2241	15.4825	15.7823	12.2995	7.18525	9.97497	9.47011
chr2	152511500	152514200	smMHB83	33.3495	4.76987	31.2386	2.63618	30.0338	1.576	27.1385	2.78221	23.6132	3.69407
chr2	157382900	157388400	smMHB84	28.5596	7.71546	27.8048	2.67073	25.6775	2.64826	25.3626	1.79846	20.2803	4.01866
chr2	165340200	165342600	smMHB85	22.2627	21.9859	21.8344	7.10938	20.5556	10.7481	17.7645	5.79706	16.9937	7.19802
chr2	169709100	169711900	smMHB86	30.2462	19.4424	29.7221	15.743	26.0389	12.7623	24.618	6.38984	21.1167	8.69551
chr2	170330300	170331000	smMHB87	26.4699	26.5735	26.1279	15.4695	16.3842	8.3518	17.4546	2.41874	12.2045	3.78949
chr2	174170800	174172400	smMHB88	26.5157	20.985	24.1084	10.979	25.0052	17.232	23.2812	5.42637	18.2605	7.02381
chr2	179239200	179240000	smMHB89	15.1421	14.9316	14.8551	4.35738	15.2124	3.76383	9.48063	4.275	10.4114	4.93177
chr3	49186200	49187200	smMHB90	16.736	1.12973	16.2178	10.8892	11.5437	3.45762	10.6935	4.99268	7.82837	2.13561
chr3	88044600	88046400	smMHB91	28.0384	4.40944	34.4069	2.20682	30.0561	11.7494	26.0219	1.60481	21.5353	4.85004
chr3	144153000	144153700	smMHB92	21.636	14.9281	17.0335	7.85214	17.6167	8.43085	13.1588	4.68737	13.2526	8.41711
chr4	24196800	24197600	smMHB93	16.8231	11.9973	17.5456	12.4236	13.8814	13.7284	12.4688	5.10055	10.0323	9.6247
chr4	32980900	32982000	smMHB94	20.5311	14.5357	20.653	6.58634	20.2653	6.18496	16.4083	3.37818	16.5885	5.52589
chr4	57211600	57212800	smMHB95	18.6994	19.1393	19.3507	4.22938	18.8853	6.15095	15.4139	3.26263	12.7528	4.64445
chr4	63056000	63056800	smMHB96	18.9524	20.3705	20.432	15.3692	17.288	0.892586	14.5998	4.93265	12.2985	4.38141
chr4	65274400	65276200	smMHB97	29.5315	10.5484	30.2123	5.63709	23.9718	3.78848	23.8148	1.99131	20.1689	4.52799
chr4	73222500	73223200	smMHB98	16.3358	13.9008	15.971	14.9972	14.7548	13.7621	14.5242	6.53161	12.67	8.20932
chr4	121756000	121757200	smMHB99	27.2468	28.8456	27.6	12.2191	30.2022	6.3923	20.0526	7.54781	22.9788	6.57147
chr4	128262400	128267300	smMHB100	25.2687	24.6562	24.9389	7.92525	21.0187	10.2373	19.9298	5.75149	17.7402	6.49367
chr4	150252400	150254800	smMHB101	33.5585	1.20291	30.3777	1.27597	32.1003	0.852071	26.7495	3.4651	23.4008	4.51806
chr4	150518400	150519800	smMHB102	9.8377	5.11951	22.65	9.78005	21.1061	6.93415	13.1992	2.14884	7.95867	3.97224
chr4	154489800	154493100	smMHB103	16.0568	16.5986	16.0632	12.2248	15.7224	10.1131	13.0645	4.65729	11.1662	7.00732
chr5	39064400	39066000	smMHB104	27.7642	27.7818	22.2387	5.44103	25.3449	7.30493	23.3104	4.21126	17.6517	10.3828
chr5	76048800	76051200	smMHB105	22.2604	22.7763	22.6673	13.077	18.3667	5.5976	17.951	3.35294	16.4434	4.85304
chr5	100372900	100373900	smMHB106	24.9447	24.4125	24.3676	6.5769	21.0746	7.79068	20.0618	4.50133	17.2939	5.69152
chr5	106240700	106242600	smMHB107	39.2096	39.4672	38.6996	10.2388	32.5919	13.058	31.1954	8.24503	30.3094	12.554
chr5	117253200	117254000	smMHB108	22.2327	22.6701	21.3225	13.8198	19.6302	18.2728	16.3402	5.93261	15.7453	11.2515
chr5	118316900	118318400	smMHB109	28.4731	29.0116	28.7901	9.71732	26.0416	11.2704	21.1167	6.33883	19.9343	8.58712
chr5	119890200	119891000	smMHB110	28.5873	2.28146	28.3584	1.24037	25.9961	5.72251	20.3108	1.71694	16.2019	3.24797
chr5	135034500	135036200	smMHB111	26.0909	9.77576	23.5034	5.18571	23.0671	7.96597	18.2643	1.91599	15.9752	2.65898
chr5	135825200	135827400	smMHB112	29.9817	3.93995	30.0582	6.3434	26.7803	1.62054	24.8805	3.77571	20.5308	6.36649
chr5	138775200	138776200	smMHB113	17.5548	16.7015	18.2484	16.5477	17.5007	10.9005	14.8227	6.21816	13.4183	8.21105
chr6	3071000	3071800	smMHB114	16.6538	2.48502	16.0543	6.48621	12.9597	1.89488	11.2946	0.951276	11.1942	2.09752
chr6	4704200	4706700	smMHB115	30.4271	9.98371	24.5193	4.07613	29.1788	6.55527	24.8078	2.37913	24.1132	5.06228
chr6	29042200	29043400	smMHB116	21.151	1.62302	19.0077	0.278271	17.0508	2.60183	15.9915	0.506286	14.2818	3.72492
chr6	30685300	30689500	smMHB117	33.69	0.227089	37.9884	0.238267	35.1448	0.472298	31.9883	2.34974	33.21	7.93281
chr6	33028200	33029200	smMHB118	19.6075	0.763504	18.0327	0.446911	16.1291	0.406431	14.3722	0.92105	15.2431	1.90333
chr6	47854200	47856500	smMHB119	40.3362	3.23331	36.7887	1.15872	39.2362	1.15078	34.4445	2.40081	30.9551	7.69893
chr6	50146800	50147600	smMHB120	31.0688	11.941	29.1411	16.8482	24.785	18.8545	19.6373	6.95326	20.0977	8.38693
chr6	50570300	50571800	smMHB121	20.5421	6.78643	13.6909	3.34609	20.9094	4.80383	16.5353	3.41306	9.45371	3.98993
chr6	58856200	58857800	smMHB122	39.7204	1.26656	36.4823	0.226011	36.2457	2.3347	28.7877	2.41468	24.0391	4.60441
chr6	89272600	89274600	smMHB123	18.1999	18.337	18.205	8.82921	16.1813	11.0541	13.7864	4.71102	12.1187	6.43957
chr6	101100500	101102000	smMHB124	38.9764	1.48862	33.8003	0.56275	25.2712	9.04626	30.5982	1.56317	29.2135	9.44767
chr6	116191800	116192900	smMHB125	19.2937	8.90308	18.2107	10.2674	16.7275	7.12128	15.833	7.30101	13.1095	5.02245
chr6	135682400	135684000	smMHB126	31.938	2.76999	26.0516	3.73082	25.4131	4.60425	28.238	3.32567	24.5185	3.2376
chr6	136348500	136351100	smMHB127	22.7315	3.76792	21.7259	4.2266	20.4909	2.19632	13.635	2.25997	16.4061	3.45068
chr6	142345600	142348400	smMHB128	23.7634	24.8901	22.3465	8.55394	22.4147	9.457	18.4293	4.70398	18.9944	7.15329
chr7	4968800	4969500	smMHB129	30.0426	21.112	28.5251	0.859857	29.7848	3.36279	23.0049	6.67188	21.0874	8.69395
chr7	6630000	6631200	smMHB130	27.8124	2.38817	27.708	4.162	24.2775	1.52787	21.9604	4.08381	14.1507	3.5616
chr7	6661300	6664300	smMHB131	25.5203	11.7341	25.1413	9.51448	22.9412	5.29195	17.8571	3.51147	17.8165	4.87766
chr7	6680100	6684200	smMHB132	32.6722	0.50697	31.5913	2.37358	27.4824	1.5492	26.4292	1.77904	22.6168	4.2858
chr7	11532000	11532600	smMHB133	5.47183	14.9049	15.7928	11.3154	15.0074	13.3703	12.2078	5.25366	11.0872	6.42359
chr7	13555800	13557300	smMHB134	34.2645	3.58851	34.4042	0.492071	30.7378	1.74604	27.841	3.15389	27.2327	5.30832
chr7	24887500	24891600	smMHB135	15.4749	15.9415	16.7562	4.25018	15.4278	5.21794	14.4329	3.342	12.9425	5.14834
chr7	51379200	51380100	smMHB136	19.9278	15.6097	20.4185	11.9391	11.8785	8.52237	11.9339	6.72426	11.4765	8.12014
chr7	67147900	67150500	smMHB137	22.6775	0.2418	20.3741	3.18337	17.5233	1.37049	18.9454	4.03501	19.5592	4.06907
chr7	67300600	67301600	smMHB138	23.0169	15.7275	28.0973	3.91665	24.4204	2.18273	19.7862	1.46063	12.2538	6.55477
chr7	112766300	112768200	smMHB139	24.4931	24.1292	23.4902	7.60416	22.1363	7.80012	20.5805	3.17382	20.376	8.13532
chr7	116169100	116170700	smMHB140	18.6811	20.4915	20.2398	7.49399	19.7306	5.5018	13.6578	2.66934	15.4866	3.5987
chr7	135010200	135012200	smMHB141	32.3	26.6677	33.8647	13.2049	32.9836	8.02576	28.4343	4.33572	25.024	9.04049
chr7	135828400	135833300	smMHB142	24.1458	6.26693	24.1965	4.66325	22.4847	1.28127	21.9057	2.88089	17.9234	4.21221
chr7	147172200	147174800	smMHB143	16.3606	16.781	16.3884	7.13762	13.5238	4.79763	10.9071	2.50605	9.84046	3.98698
chr7	150480600	150483000	smMHB144	39.5169	0.864286	39.7779	3.16593	38.7616	0.446377	35.3043	1.60162	30.5379	3.6011
chr8	3389800	3390800	smMHB145	18.0642	19.7618	18.274	16.2236	16.6037	12.1381	14.8577	5.79455	13.9009	8.0931
chr8	3994000	3997400	smMHB146	35.126	0.84253	34.2328	9.41029	30.6796	0.936728	24.0113	4.61424	24.1717	5.08181
chr8	5640000	5640700	smMHB147	20.5939	0.545403	22.0071	7.50392	14.2929	0.92971	16.8048	3.43322	15.2861	5.66795
chr8	18073000	18073600	smMHB148	13.4005	14.0034	15.0469	9.44617	13.7868	13.4715	11.6726	7.02168	9.99212	4.99818
chr8	74340400	74343800	smMHB149	6.37627	9.58414	8.31659	5.69466	6.81037	7.40967	6.48787	3.80568	5.82338	4.44591
chr8	108948600	108949800	smMHB150	25.3171	24.6852	24.6724	8.43142	24.8882	3.21494	19.1947	3.31876	18.0904	2.93075
chr8	121288400	121289200	smMHB151	15.957	17.668	17.894	4.83006	13.575	9.16448	13.1675	8.68401	11.8493	7.54589
chr8	125384000	125391100	smMHB152	20.8376	13.2854	19.6511	5.60703	20.8363	8.35062	16.9738	3.0119	15.2816	4.92844
chr8	126800000	126801600	smMHB153	15.7048	16.2233	14.8617	9.32555	12.7288	11.1198	12.394	4.72881	11.6478	5.85073
chr9	39038600	39039200	smMHB154	14.4938	13.2994	14.0377	11.7215	13.0173	10.131	11.7258	9.69327	9.82774	9.18297
chr9	94293000	94293800	smMHB155	18.9822	8.28345	19.1062	16.004	13.4148	8.78761	15.1455	8.15938	10.2703	11.2441
chr9	99292600	99295800	smMHB156	12.9627	15.7817	13.0666	3.73985	14.4667	2.24828	9.57852	2.48449	7.53831	3.5224
chr9	118765600	118767200	smMHB157	20.1808	19.9448	19.7082	6.66542	19.488	10.6602	15.6467	3.01139	14.3926	6.80234
