chr1	15852600	15853400	spMHB1	12.792	21.6069	11.5381	19.0965	13.2125	15.6346	10.0342	10.0478	8.64626	10.189
chr1	28306000	28308200	spMHB2	10.4534	24.562	13.8173	22.3672	12.3901	22.4729	11.769	11.8251	11.6729	17.2069
chr1	28964400	28965200	spMHB3	12.5902	15.0706	13.9228	14.8128	13.0047	13.4259	11.7141	5.8194	8.64483	10.4073
chr1	30630800	30633300	spMHB4	4.09383	16.4269	6.11456	18.6457	4.14648	20.364	4.92911	9.39375	5.10387	11.1473
chr1	39576000	39576800	spMHB5	3.60838	20.3989	7.63627	17.5148	8.70416	17.6165	9.44136	7.63563	4.55106	12.8194
chr1	43911500	43912200	spMHB6	6.71234	26.2256	18.1706	17.8631	15.1776	27.2259	17.8596	14.2085	16.3236	18.387
chr1	47127400	47128000	spMHB7	7.79158	20.4512	8.17226	18.1589	6.13365	20.4426	10.4838	11.6178	8.76714	11.7675
chr1	49360200	49361200	spMHB8	8.31206	18.6892	12.0595	21.7263	13.5876	20.1715	11.0844	9.59224	8.32531	14.0773
chr1	65616200	65617500	spMHB9	8.76659	9.5322	5.45453	19.0363	5.08693	17.6073	5.49451	8.96837	6.28566	12.6171
chr1	78951200	78952200	spMHB10	9.73307	23.8123	12.6418	21.4525	17.2813	21.3887	14.5172	13.4145	12.3694	15.8086
chr1	84682600	84685200	spMHB11	7.19233	20.6698	8.57588	19.1492	6.03011	19.206	7.92501	7.87905	7.8218	11.9285
chr1	90468800	90469600	spMHB12	9.09554	17.662	8.98589	17.692	10.8477	17.8047	9.71509	6.21153	8.3062	12.1565
chr1	92948600	92950000	spMHB13	1.08845	3.40506	6.69405	32.7777	6.20974	33.4782	6.35674	5.7033	3.58547	10.0408
chr1	94384000	94386000	spMHB14	6.81404	15.3114	5.05289	13.9487	9.28712	14.5235	5.88794	8.19356	4.81049	8.05308
chr1	101531600	101532400	spMHB15	19.2972	25.2217	19.7005	20.6317	15.7733	22.1405	15.1108	13.9075	17.4922	15.6853
chr1	123166300	123167100	spMHB16	10.7111	18.3483	8.7852	16.9586	8.63807	18.6998	7.85557	7.4934	7.99308	10.9902
chr1	123933800	123934600	spMHB17	11.3573	17.3317	19.9365	21.4452	16.9564	17.6221	10.1039	6.58641	10.7752	10.9708
chr1	124849600	124850400	spMHB18	5.05408	16.6886	10.6603	17.2319	11.5034	12.9822	8.33898	7.89474	8.62904	10.7293
chr1	128524600	128526400	spMHB19	8.70373	22.21	14.5981	21.9982	12.9806	20.8173	10.7416	9.56176	11.1106	14.876
chr1	140128200	140128800	spMHB20	12.8095	21.8105	12.2785	20.7699	8.13952	23.2988	9.12075	9.59788	7.44474	12.4303
chr1	146071600	146072400	spMHB21	8.00536	15.9852	7.90496	18.6795	8.07614	19.4934	7.85913	8.46595	6.9374	15.8871
chr1	165606200	165608600	spMHB22	6.94942	18.4783	13.2224	21.942	9.56778	18.7677	10.4081	9.78314	8.57807	12.8037
chr1	169935400	169937000	spMHB23	10.4772	18.1621	11.4062	16.948	9.67399	17.4678	7.8342	8.94949	6.97518	10.4898
chr1	180433600	180434400	spMHB24	7.56908	23.0516	14.9098	19.3998	7.88841	21.2248	9.87642	9.72446	9.3227	16.2027
chr1	183643600	183646000	spMHB25	5.11904	22.0949	10.8455	19.9378	6.33016	19.7227	6.80322	9.34302	5.99835	10.7525
chr1	184803000	184804600	spMHB26	2.64511	16.2576	3.83795	15.3546	1.61188	13.1096	3.51071	6.13256	2.42817	8.31301
chr1	195906600	195907400	spMHB27	5.03557	18.5862	11.1977	17.2876	9.14912	17.7016	10.5269	9.70536	7.26365	10.9329
chr10	4382800	4383600	spMHB28	9.80728	20.3792	7.7731	20.9502	3.66626	18.1021	5.83764	8.9888	5.85649	13.4689
chr10	11407800	11409200	spMHB29	11.1868	15.7772	12.2359	18.3543	12.1114	17.4437	8.14603	9.01504	6.18865	8.63291
chr10	48403000	48403600	spMHB30	6.36458	21.4958	16.9393	20.3143	9.5614	24.2267	15.2979	11.1386	13.9677	14.9164
chr10	49904100	49904800	spMHB31	10.7381	27.1615	21.0898	30.3729	23.6979	28.1027	19.4411	14.7574	17.8513	19.3815
chr10	52170700	52171400	spMHB32	5.52238	15.3577	14.7561	17.0498	11.668	16.1283	11.1537	13.3297	9.52746	11.99
chr10	55863800	55864400	spMHB33	8.38774	18.6923	17.381	20.2574	15.5707	16.0421	8.4379	8.62578	9.94943	11.3918
chr10	55995600	55996400	spMHB34	4.92496	16.8386	11.5077	17.911	10.4678	17.2975	9.35538	10.5327	6.48468	13.1146
chr10	65770200	65773200	spMHB35	8.02497	19.9227	15.2625	18.8605	14.0001	19.2905	9.64955	8.96172	9.85537	13.6003
chr10	67134600	67137600	spMHB36	8.1096	15.6925	5.19557	12.9945	2.72076	17.4959	4.32074	7.00705	3.32417	8.22255
chr10	72153600	72154400	spMHB37	5.09551	17.8208	9.04776	17.4973	10.1525	17.9002	8.88072	10.6978	10.7767	9.98666
chr10	73706200	73706800	spMHB38	15.3834	19.2681	19.2509	23.6496	14.3489	24.77	15.3647	10.2133	13.117	14.5719
chr10	77962200	77962800	spMHB39	9.7984	14.2492	12.6626	14.6781	10.9989	14.3766	9.13347	5.13559	9.0752	10.436
chr10	81421000	81424800	spMHB40	4.96068	15.3829	8.28019	16.7976	9.75551	16.25	6.92882	7.95856	6.82257	11.6215
chr10	86869800	86872000	spMHB41	5.82407	15.7825	8.17916	15.3874	8.6385	15.6478	8.05714	8.20532	6.62068	10.902
chr10	91048000	91050200	spMHB42	5.23473	19.7274	8.08847	18.1678	9.21649	19.1203	6.32174	9.01098	4.91557	11.2053
chr10	107531400	107534400	spMHB43	7.69243	22.8792	10.332	21.0828	7.6532	21.48	7.8354	8.28634	9.59336	12.0248
chr10	113010800	113013800	spMHB44	6.10242	18.519	8.36923	19.0757	13.3577	19.0091	8.60663	8.68327	7.64614	13.988
chr10	121716800	121719600	spMHB45	9.1038	16.0729	9.15501	15.8346	9.00928	15.1771	9.03334	8.11539	7.11254	9.09582
chr10	125151800	125152600	spMHB46	6.97181	17.0319	11.5761	16.8403	7.58317	17.6212	10.2229	8.75442	9.21101	10.93
chr10	127266400	127267200	spMHB47	7.749	15.0217	10.0171	14.7917	12.2922	15.48	6.98275	6.41579	7.11523	9.70876
chr11	3915900	3917600	spMHB48	8.20218	12.2657	6.6663	17.836	4.08626	10.5305	3.03729	9.72782	6.52297	10.5643
chr11	7741400	7746000	spMHB49	3.49635	14.0722	5.41214	15.726	7.20607	14.4059	6.65031	7.58862	5.47591	8.43502
chr11	10757200	10757800	spMHB50	9.42115	19.6899	13.8173	18.4826	13.3068	19.6605	14.5097	11.1573	13.3911	12.5865
chr11	11242700	11243400	spMHB51	7.69662	22.0662	20.4078	23.3683	14.4934	23.7853	11.7851	15.5108	9.87653	13.6073
chr11	12821400	12823000	spMHB52	2.57341	14.7112	8.48315	14.9839	4.53399	13.4286	4.78949	6.20797	4.79434	9.69816
chr11	14470400	14471600	spMHB53	9.043	21.3896	10.1804	19.9467	10.6254	18.2635	10.3316	9.75556	8.27817	12.4162
chr11	14745200	14746000	spMHB54	10.7381	14.6725	10.1191	16.7872	8.66694	17.3581	6.77485	6.68789	7.34807	9.86385
chr11	40447300	40448200	spMHB55	10.4865	22.9526	7.436	21.0844	7.02932	20.2028	7.18163	7.89452	8.07704	11.7168
chr11	47607800	47608600	spMHB56	5.09915	16.9249	9.93345	18.4697	12.5776	18.7931	9.75963	9.62125	9.30768	11.6869
chr11	66519800	66520400	spMHB57	5.1366	17.2313	11.348	18.8482	6.58101	15.6928	9.06889	7.89809	8.08705	9.68177
chr11	94606600	94607600	spMHB58	1.59392	10.1211	0.376234	14.5641	3.22705	13.6662	0.626263	4.8479	2.37295	9.85121
chr11	102573000	102574400	spMHB59	2.37495	15.0234	4.97665	14.8608	4.5682	13.3286	3.37848	6.63129	3.34765	8.65957
chr12	12338000	12340200	spMHB60	9.19172	23.1781	11.0915	18.9483	14.3489	21.9222	9.21294	11.3741	9.56171	15.4135
chr12	15430400	15431000	spMHB61	12.766	27.0341	10.4837	21.6299	11.3329	21.1528	10.9534	10.8158	8.02387	12.8666
chr12	23324800	23327400	spMHB62	6.07843	11.6518	8.75562	12.1647	7.49013	10.1462	7.18083	6.71785	6.63842	8.07414
chr12	24704400	24707800	spMHB63	6.58183	12.2104	8.55234	12.7423	8.71529	11.4505	7.40787	7.74592	7.39305	8.47691
chr12	45029800	45030600	spMHB64	5.79617	18.8104	10.5928	17.9823	8.47629	16.6026	9.46338	7.96989	5.43575	11.4253
chr12	55700000	55700600	spMHB65	10.4942	15.7478	9.80091	17.1224	6.74835	13.8225	7.66532	8.20121	5.08826	9.59041
chr12	78511600	78512200	spMHB66	12.5608	24.5748	11.9259	20.468	9.54382	19.0092	7.86543	9.13993	8.4841	9.69211
chr12	88491000	88495000	spMHB67	7.05345	11.7651	9.07996	9.9047	9.08064	10.956	6.29568	4.53208	5.81086	5.79876
chr12	110764400	110769100	spMHB68	2.13543	26.5453	0.20396	21.6788	0.965656	22.7303	0.98042	10.1722	1.5611	13.9399
chr12	111578800	111579600	spMHB69	14.1096	20.1907	11.9087	16.1109	12.0305	18.6079	9.73822	6.09155	10.179	9.914
chr13	3158400	3162000	spMHB70	3.06678	10.3307	4.79716	10.6849	5.77288	10.6941	5.44076	5.53898	3.38618	5.91627
chr13	4353800	4355000	spMHB71	7.12138	18.1578	8.85671	24.4306	10.1224	22.6224	8.41552	11.43	7.8466	11.7805
chr13	5146200	5147200	spMHB72	5.32095	13.8634	8.07268	15.1674	7.09923	11.4869	6.79921	7.35768	7.98468	6.6283
chr13	17239500	17240100	spMHB73	10.7337	27.4926	20.4391	25.8479	21.3012	24.0199	18.0037	13.5101	16.7206	18.1301
chr13	19055600	19056400	spMHB74	5.99224	19.3335	9.80508	18.3679	12.6292	17.7448	11.6824	10.3311	11.0461	13.5338
chr13	21742200	21745000	spMHB75	8.66009	19.7427	9.80503	22.3273	8.99914	19.49	7.84923	9.90577	7.12303	11.652
chr13	25317600	25318400	spMHB76	7.59253	17.4492	11.8669	16.4295	7.7248	16.4005	8.87149	9.48647	8.18768	11.6093
chr13	27255800	27256400	spMHB77	5.30271	18.1076	12.4174	20.2292	12.5987	17.2604	9.74736	6.95753	8.17896	10.8833
chr13	28305800	28307800	spMHB78	7.89532	21.3945	12.9299	21.5592	10.4675	17.2629	9.15399	9.11345	8.28964	12.0009
chr13	40926900	40927600	spMHB79	5.95899	18.9784	11.087	19.8105	9.5439	19.4197	9.10916	8.09758	9.51524	10.63
chr13	46174400	46175200	spMHB80	13.8618	20.1756	11.5111	17.1498	9.23085	13.2531	10.0396	6.51619	7.70783	13.9512
chr13	80629000	80631600	spMHB81	9.93912	21.1845	12.7776	20.4369	11.4374	18.8166	10.8334	9.95953	9.86485	13.3496
chr13	99890600	99891400	spMHB82	5.34872	18.8961	6.36024	14.6711	5.47637	19.7764	2.58051	7.68499	4.67016	9.2992
chr13	108149800	108150400	spMHB83	11.6307	19.446	10.2353	20.3177	6.75474	18.1046	8.6653	10.9932	8.92026	7.78359
chr13	114593600	114597200	spMHB84	3.99555	19.6459	2.20874	15.3783	3.6432	15.6876	3.4631	6.99111	2.7834	10.31
chr14	3277200	3280300	spMHB85	8.33947	17.1556	8.5985	16.7835	8.90051	13.832	7.60487	6.82063	6.78197	9.9713
chr14	3864100	3867200	spMHB86	8.47292	17.6465	9.35507	18.0418	8.84319	15.5319	7.32472	7.47973	6.50436	11.3605
chr14	4704400	4706500	spMHB87	6.9569	18.6018	9.6311	19.0271	8.66965	17.3025	8.68621	8.07711	5.95028	9.45529
chr14	7491400	7500600	spMHB88	7.57196	16.9732	8.3987	14.7333	7.39154	13.94	6.07363	6.57924	5.26726	9.05731
chr14	11517400	11518200	spMHB89	8.77184	18.8537	14.5216	20.6822	12.7344	14.4535	12.2599	10.6173	12.0747	13.4779
chr14	14755600	14756400	spMHB90	10.0919	16.4913	11.7497	18.2604	10.6896	15.6748	9.13183	7.65866	5.47882	8.05458
chr14	14765100	14767900	spMHB91	2.11997	8.0375	8.17112	18.3399	2.61225	14.9863	4.7719	7.34213	4.92899	11.4555
chr14	20103000	20106600	spMHB92	3.61223	8.73949	6.20899	10.9295	5.95512	9.53235	4.90995	4.9081	4.61327	5.73448
chr14	45079400	45081800	spMHB93	7.93268	19.7595	11.4943	20.5041	14.1186	19.0077	10.4909	8.8945	9.09881	13.0507
chr14	67561200	67562000	spMHB94	4.77525	14.5526	11.4082	15.3268	9.41222	13.9279	7.18332	5.66212	7.0016	9.59624
chr14	95380800	95381600	spMHB95	9.28197	21.9016	13.605	21.9695	13.4876	21.5181	13.8885	10.1124	12.7562	13.0468
chr14	101488200	101490200	spMHB96	7.17298	17.7329	6.31415	17.2735	3.81384	15.8848	5.22989	7.61273	5.28629	8.62435
chr14	110891400	110892200	spMHB97	10.7334	15.8836	13.6203	16.355	11.3738	14.8611	9.98233	6.80718	9.69016	10.6868
chr14	112795400	112796000	spMHB98	10.9596	27.6895	15.9162	26.6701	12.8865	27.0727	17.0345	12.6601	15.8526	20.0687
chr15	3069200	3070200	spMHB99	10.0947	17.1715	9.4456	16.803	9.31518	16.5796	7.04785	7.09029	7.99254	9.34467
chr15	6630200	6631600	spMHB100	6.24583	22.4634	4.41993	22.4904	5.93459	22.3587	7.33508	8.00697	4.43911	10.6739
chr15	11104200	11105000	spMHB101	4.78614	24.1669	9.57709	18.333	15.7144	19.9273	9.22671	8.57239	10.4672	11.399
chr15	20204800	20207200	spMHB102	7.21478	11.7916	13.1963	13.139	8.95089	13.3565	7.76767	5.06815	7.22607	10.1952
chr15	20466800	20467800	spMHB103	8.25352	23.0598	18.2109	22.952	11.1781	19.7506	12.8908	10.4033	10.9261	16.3148
chr15	23753800	23755200	spMHB104	6.27874	6.98998	9.71251	16.787	7.90337	19.0032	7.30286	8.09277	5.8589	12.1671
chr15	24598200	24599200	spMHB105	9.68137	24.6804	19.8974	22.2446	19.2514	23.0445	15.6418	13.837	15.9685	17.5218
chr15	33717000	33717600	spMHB106	9.09528	11.8821	10.7907	16.7326	10.5399	16.0672	9.15019	7.63476	9.56182	12.6863
chr15	34147600	34150400	spMHB107	0.973101	16.2043	5.9407	14.9692	4.83405	15.4094	4.19788	5.34443	3.92931	8.51508
chr15	36608800	36609600	spMHB108	10.297	25.6731	13.5116	25.7493	12.8207	27.1089	10.6785	11.4355	11.4915	16.5867
chr15	69226400	69227200	spMHB109	15.751	21.1813	22.3191	22.4631	22.874	22.8212	17.2959	11.0599	14.5905	14.35
chr15	74843600	74844400	spMHB110	7.43469	15.7457	7.34101	16.6845	6.45681	15.5835	7.54901	8.73395	5.62362	6.71054
chr15	83524500	83532700	spMHB111	1.56613	16.8393	1.77975	12.3095	2.84864	13.8397	1.4833	5.48761	2.08786	6.70252
chr15	89541000	89543300	spMHB112	6.05699	10.1589	7.78125	10.7164	7.34135	9.09954	4.73818	4.86282	5.70063	7.72845
chr15	94317600	94318400	spMHB113	4.52877	20.2505	8.53834	19.3439	7.54533	16.1927	6.49569	10.8856	4.04116	11.297
chr15	96390600	96391800	spMHB114	4.38322	17.1143	8.05817	21.0716	4.3749	20.3148	5.68974	7.55007	4.21713	10.5889
chr16	17210000	17210800	spMHB115	0.651511	1.84688	0	30.9154	4.56615	30.8985	0.884689	8.24907	2.21292	16.3292
chr16	19069400	19071400	spMHB116	7.1488	13.3359	7.77325	12.6774	5.96274	13.1509	6.06608	6.12273	3.68458	9.87838
chr16	28462000	28462800	spMHB117	9.36411	16.7692	10.265	16.9656	10.8682	17.0156	12.2045	8.42587	7.72139	11.6814
chr16	31088000	31090300	spMHB118	7.48448	21.5714	10.7954	21.4667	11.1872	20.7356	9.65005	9.53338	7.40133	11.8299
chr16	50774000	50776200	spMHB119	7.79469	23.3288	8.03107	20.3887	9.58161	18.0563	6.65781	9.29886	6.87148	14.7974
chr16	56038800	56040200	spMHB120	11.8982	24.1451	7.17545	16.2369	5.51462	19.4641	8.49033	10.9824	7.93079	13.966
chr16	64572400	64573200	spMHB121	6.5565	23.1127	17.6693	23.4832	18.101	22.4683	11.8847	13.7925	11.4752	14.7722
chr16	70373200	70373800	spMHB122	13.1728	21.2716	16.6664	17.8942	16.2429	19.3999	14.9394	10.4548	13.1143	13.9398
chr16	89710400	89712400	spMHB123	6.87611	15.9131	9.21281	14.686	7.1034	16.3274	9.92505	11.7176	7.89876	9.56098
chr16	91139800	91145000	spMHB124	2.26111	8.13713	3.79477	12.1073	6.67547	13.0746	2.11314	4.5453	2.21122	7.75196
chr16	91456800	91458000	spMHB125	8.47183	26.0428	11.6351	25.8189	5.72884	18.74	8.05788	10.7642	6.56915	12.1318
chr16	93993200	93993800	spMHB126	3.19369	18.1456	10.8668	17.049	7.36543	15.7527	6.23701	7.89069	5.38662	11.4524
chr17	9385600	9388100	spMHB127	6.43127	19.8115	9.8497	20.3296	8.39092	19.4116	8.6642	10.1391	7.4045	11.9407
chr17	13283000	13284000	spMHB128	17.3954	31.1336	9.14207	27.6732	8.26112	24.3238	8.73357	10.5942	8.16909	14.0389
chr17	13560200	13561600	spMHB129	4.65262	18.2634	8.17551	14.8709	3.99329	16.2281	6.33017	7.69787	4.4611	8.1942
chr17	15440800	15443600	spMHB130	7.67607	22.6976	10.6797	24.374	11.8426	23.9679	8.88662	10.4041	10.1153	15.3467
chr17	18874600	18875200	spMHB131	6.81877	21.1865	13.7598	22.1274	15.4412	17.7778	11.471	10.8226	13.0379	12.8977
chr17	22760500	22761400	spMHB132	5.71528	19.5286	2.81686	19.8187	6.10274	15.5056	7.23698	7.29542	6.66548	10.9933
chr17	39624800	39627200	spMHB133	4.53041	8.72107	7.86457	11.6029	8.87171	9.44379	5.28237	4.65033	4.40085	7.88403
chr17	42209200	42209900	spMHB134	11.3275	24.2669	17.0408	22.6385	11.1026	22.1666	15.4051	12.1582	14.594	16.2287
chr17	54899200	54901400	spMHB135	5.96955	17.8075	11.3183	19.32	7.58919	14.8543	8.38708	8.85038	7.20875	11.7408
chr17	60557600	60559900	spMHB136	6.66027	22.4974	8.09162	21.9119	8.10423	19.6954	9.03291	10.0815	7.96856	14.0369
chr17	65805600	65806800	spMHB137	8.69032	15.6217	11.6905	17.242	15.6966	19.1645	9.68114	9.84526	9.7083	10.6458
chr17	78196800	78198600	spMHB138	9.94115	19.2509	11.4785	21.5752	10.8269	19.4433	11.5635	9.30423	10.0707	13.5526
chr17	82200000	82200600	spMHB139	12.421	17.4536	14.0435	16.6068	13.6508	15.5199	10.0563	6.67344	9.63703	10.3681
chr17	88304400	88305600	spMHB140	1.91277	12.5981	11.2188	22.3521	8.13909	20.3098	9.11812	9.43474	5.73756	13.2649
chr17	92503000	92503600	spMHB141	7.4135	17.8742	5.25757	17.3778	6.31788	14.7329	8.75851	8.26761	5.66174	12.7809
chr18	3092600	3093200	spMHB142	8.34422	15.5845	13.8408	20.0071	11.6639	16.0416	9.35469	10.1561	9.27449	8.45955
chr18	3975400	3976800	spMHB143	9.24331	9.7747	9.38576	14.3982	4.27008	19.8868	2.02706	8.10103	5.1305	10.7993
chr18	10044200	10045300	spMHB144	11.9626	24.1333	14.7368	25.0631	5.37328	20.6608	8.00172	11.0461	7.1731	12.4674
chr18	15672800	15673600	spMHB145	11.9844	12.3175	12.5914	16.2931	12.3221	15.112	9.93518	8.05983	9.79103	11.0262
chr18	16447200	16447800	spMHB146	3.75728	19.9048	11.7979	18.8304	10.9552	16.534	9.48275	10.5024	8.66547	11.3491
chr18	35687200	35688800	spMHB147	5.91325	22.2293	1.23713	18.8878	1.90735	22.0006	3.82116	9.23252	1.92144	9.16001
chr18	41985600	41986400	spMHB148	5.25993	17.1236	9.94734	18.3631	10.9442	16.4412	9.45746	9.51608	8.82024	10.3413
chr18	44059600	44060200	spMHB149	8.87578	21.7774	18.1157	19.1882	19.4369	19.6658	13.7701	8.61753	13.7385	17.2242
chr18	45377000	45378200	spMHB150	6.90064	13.3983	9.33314	16.6518	5.01102	17.5386	9.18162	8.89886	7.11981	10.7428
chr18	73037200	73038000	spMHB151	9.89195	15.8753	10.1468	17.1526	11.8061	17.6653	8.73896	5.696	8.46984	12.0063
chr18	74052800	74054800	spMHB152	7.80951	9.53535	2.12661	7.64124	2.31633	13.3583	1.89703	3.52944	2.19587	6.71401
chr18	74453000	74455600	spMHB153	4.14941	9.05013	7.35938	16.6453	7.57371	13.3243	5.74666	4.26405	4.92368	7.8594
chr18	74553200	74557600	spMHB154	4.33191	12.2606	4.63452	14.1709	3.66772	12.804	3.95528	6.12117	4.92353	6.33251
chr18	82898600	82899800	spMHB155	9.72293	4.78613	0.163734	24.2506	1.16618	9.76968	0.259814	9.7631	1.13605	13.3578
chr18	90728600	90729800	spMHB156	2.48374	14.2762	3.31477	19.0814	5.4741	10.3893	4.81	9.39997	6.68413	8.48032
chr19	6674000	6674600	spMHB157	11.2877	22.9427	1.46362	20.843	1.79937	18.8973	2.93593	7.21706	1.92215	10.5915
chr19	12446200	12446800	spMHB158	10.7273	23.6695	15.3899	22.9788	17.4562	23.7233	13.9048	13.4317	13.7595	16.8199
chr19	12618200	12619800	spMHB159	6.16954	15.7853	2.82966	13.354	9.04424	11.6318	4.02308	6.18888	3.25759	9.92128
chr19	43193000	43193600	spMHB160	7.13509	18.5574	14.85	17.9577	11.7806	16.6572	9.53756	8.82898	8.41143	11.5189
chr19	44787600	44788200	spMHB161	11.5945	26.0639	4.00746	18.4136	7.4414	23.9336	6.68335	7.52037	7.2727	11.8672
chr19	49251200	49252200	spMHB162	9.70476	23.4672	16.3748	22.9375	16.9967	22.7632	15.5049	14.6426	14.1917	16.7514
chr19	55088600	55091400	spMHB163	5.5572	14.7581	5.42605	17.0627	5.08697	15.2411	3.18852	7.19378	3.35521	12.0285
chr2	7515600	7516300	spMHB164	7.1561	17.1084	12.1181	13.0003	12.5649	15.0449	9.8831	8.78101	9.42605	9.25963
chr2	10618800	10619800	spMHB165	5.36584	18.3227	8.25871	17.8251	8.05057	14.8848	7.2968	10.0281	9.00085	10.3192
chr2	19635000	19635800	spMHB166	5.28826	14.5639	10.9863	17.5545	7.44722	16.0754	6.72568	8.37049	9.0383	9.25052
chr2	19836400	19837000	spMHB167	12.3756	17.5651	6.27346	20.3965	3.52843	19.4658	6.53257	12.2222	7.82965	10.3434
chr2	29736500	29737200	spMHB168	9.93457	23.6537	11.401	16.7945	3.75836	18.924	5.68148	8.93103	7.57996	13.0749
chr2	33911800	33913200	spMHB169	2.26088	6.2095	0.763764	21.0197	1.97727	19.1552	3.69248	6.55122	3.82733	12.2121
chr2	39748200	39749000	spMHB170	4.75022	20.8395	16.552	20.5227	18.7016	19.971	13.1412	9.83494	11.5373	14.0936
chr2	52194200	52194800	spMHB171	6.39405	2.29207	8.93764	22.6131	10.7733	14.3219	5.66673	11.565	8.20447	13.8016
chr2	54738200	54739000	spMHB172	10.5834	18.5088	15.1727	21.0727	15.8102	19.2969	14.5748	11.8696	12.9108	14.7836
chr2	67112800	67113600	spMHB173	9.94968	22.5676	12.6006	23.3985	15.6576	16.2801	14.5205	14.1213	14.3175	15.3439
chr2	72848700	72850400	spMHB174	6.52351	14.4336	2.99133	12.5806	3.66677	12.0804	3.78423	4.95616	2.65593	8.70268
chr2	88939800	88941800	spMHB175	9.1764	23.5984	15.6123	23.5054	10.5966	23.6155	12.5154	11.6636	12.1232	16.4609
chr2	107796400	107797600	spMHB176	0.873839	17.7866	5.44557	17.3885	8.30629	16.2058	7.40139	7.67116	8.74995	10.7767
chr2	111191000	111191800	spMHB177	9.40527	20.057	15.2272	19.4817	13.7417	18.6363	13.7952	11.2064	10.9419	14.475
chr2	129597800	129601200	spMHB178	6.5977	20.7081	9.58403	21.9218	8.41649	21.8971	8.61646	9.589	7.52251	13.8871
chr2	151706000	151706800	spMHB179	5.42549	18.9918	10.8752	21.0813	8.99197	17.5809	5.15711	5.68316	7.38131	11.0171
chr2	168199400	168200400	spMHB180	5.93315	16.4173	7.72697	13.3578	6.12037	15.1309	8.20341	8.11763	5.97943	9.95922
chr2	169034400	169036200	spMHB181	7.23136	17.7278	9.05469	17.7285	8.55224	14.1144	4.84048	7.76362	5.33498	12.109
chr2	169391700	169393500	spMHB182	4.66827	25.1826	3.5566	27.7748	3.26974	22.4321	4.52629	12.3345	3.71801	9.9303
chr2	172891800	172894400	spMHB183	5.16146	16.8025	7.00151	16.1258	8.01411	12.6131	7.78523	8.02441	7.57437	11.4366
chr2	173544400	173545200	spMHB184	7.58151	17.9908	4.30459	17.451	3.91769	18.0833	6.36604	7.38604	7.46379	10.9129
chr2	178311600	178312400	spMHB185	5.33863	26.3749	11.1007	22.5608	9.51575	14.6342	9.71921	7.01571	8.69209	12.1278
chr3	3068400	3070200	spMHB186	15.1994	12.5819	14.8925	17.1716	14.3277	14.1297	11.8659	8.10625	11.5357	9.66893
chr3	4170200	4171000	spMHB187	18.1303	28.3886	10.3446	22.2401	9.02927	16.9183	9.45623	9.37085	7.6512	14.1527
chr3	14669000	14670600	spMHB188	9.42823	23.0977	6.31299	19.2114	5.58859	18.234	5.628	8.21812	7.12265	11.3466
chr3	23467000	23468600	spMHB189	5.54703	10.0719	8.1218	16.7495	9.09176	17.4822	7.57719	6.23481	5.03826	10.863
chr3	26821400	26822200	spMHB190	10.1454	19.8645	15.5204	16.043	12.8557	18.3506	10.7604	7.7823	8.52642	14.1403
chr3	31725600	31726200	spMHB191	5.52409	18.2714	13.3113	21.2159	11.0896	18.1252	9.30872	8.5954	10.5062	9.35614
chr3	36024000	36025500	spMHB192	5.19277	17.7621	8.05853	16.9493	7.15265	14.3357	8.07896	10.4287	8.97925	13.1567
chr3	39073200	39075600	spMHB193	6.65029	14.5363	9.20241	12.2042	6.33477	12.6895	5.45091	5.49521	5.54177	8.59581
chr3	45389600	45390400	spMHB194	5.2033	16.8099	10.9804	17.5603	9.77523	15.4185	9.76127	11.2577	6.7331	10.2972
chr3	56824800	56825600	spMHB195	13.7452	17.687	9.14637	18.2457	8.64696	15.5195	6.48177	7.86544	5.42151	10.8334
chr3	57060800	57061800	spMHB196	5.57029	16.2341	6.45879	15.143	5.17478	14.5164	7.52224	8.87017	5.53855	9.03464
chr3	61842000	61842600	spMHB197	6.65608	17.2425	15.0146	21.2841	13.5788	18.1467	6.48986	9.39484	10.0505	13.755
chr3	64764400	64765000	spMHB198	9.06085	16.4326	11.4286	16.2695	9.1917	16.8338	11.0501	10.0081	8.97151	12.498
chr3	87638800	87639600	spMHB199	12.2719	24.8582	9.3425	21.1507	7.69591	21.4049	9.9013	8.29487	6.27556	11.3736
chr3	93423800	93424400	spMHB200	7.62635	22.3943	14.2863	19.5399	16.0376	20.2755	11.1084	12.1623	12.26	14.7642
chr3	97245400	97246200	spMHB201	6.24269	16.0184	5.99208	17.7483	10.1538	13.3395	9.85225	10.1273	7.19688	9.95126
chr3	98205600	98206400	spMHB202	11.252	18.058	16.1198	18.3265	18.1725	15.8551	12.2964	10.5648	12.2628	10.4254
chr3	106475800	106476800	spMHB203	6.08854	3.71593	5.65295	20.6113	11.8696	17.7589	6.18757	8.50795	6.82992	13.2935
chr3	133611200	133611800	spMHB204	7.76463	18.2728	11.7591	19.112	9.78493	20.134	8.44634	9.10895	12.0066	10.0369
chr3	133639800	133640600	spMHB205	4.41716	15.689	14.4171	16.0579	6.96769	13.2675	10.4294	6.36214	8.44187	10.5103
chr3	137113200	137113800	spMHB206	13.5921	15.0213	12.2756	16.3636	11.4586	16.66	11.0021	9.29204	8.51302	10.4862
chr4	5283300	5283900	spMHB207	14.4861	15.6341	15.7382	17.5561	12.1213	15.3418	11.0907	8.84772	9.93618	11.0736
chr4	8062600	8064300	spMHB208	7.38262	19.2483	9.73844	20.0496	9.23397	18.3861	7.87185	7.58337	6.89684	12.7859
chr4	9637800	9640000	spMHB209	8.75686	16.482	5.10402	14.823	4.61594	13.3621	7.01749	7.83877	5.64493	9.34641
chr4	23348600	23350600	spMHB210	8.46111	23.6342	8.52016	24.4688	6.96766	18.8622	9.32001	9.64288	9.06586	11.8957
chr4	24047800	24049900	spMHB211	6.82974	17.9462	10.5451	18.4551	11.396	18.9109	8.1937	8.99887	8.40918	12.7641
chr4	53139400	53140000	spMHB212	6.75888	20.3766	5.36149	16.4074	0.803312	18.0197	9.31255	10.2766	5.19414	11.5138
chr4	53416400	53417600	spMHB213	16.5351	23.7956	22.8395	24.429	18.4149	21.5767	14.5947	11.2074	14.4879	16.3867
chr4	54233500	54234100	spMHB214	9.56828	24.3013	19.5623	26.0151	20.0988	20.8926	18.6499	13.5838	15.3213	17.5697
chr4	55415000	55415800	spMHB215	1.84989	13.9814	3.73191	19.3245	0.448594	16.6867	0.977033	5.30552	1.23602	9.70629
chr4	61223600	61226800	spMHB216	2.81863	14.0217	9.39462	15.5836	8.01724	13.2804	6.37048	5.17351	5.5631	9.39603
chr4	61665000	61665800	spMHB217	9.75243	20.704	9.69197	20.4422	6.53538	18.8223	9.76457	9.70956	9.59073	9.98699
chr4	70532100	70533000	spMHB218	12.2749	21.1615	19.5177	21.3353	21.5754	20.3673	18.3168	11.134	15.8031	17.5314
chr4	78305200	78307800	spMHB219	8.91957	21.1301	13.4622	20.6356	12.2605	20.2319	10.5319	10.2245	9.80108	13.7752
chr4	102946200	102946800	spMHB220	11.6686	20.2893	14.1784	19.9948	13.4749	19.5713	10.3601	8.71478	8.22084	11.1178
chr4	110296000	110296600	spMHB221	8.26419	16.8728	10.783	16.6228	10.5064	13.9567	9.08306	6.21091	8.6323	10.7095
chr4	121028000	121029000	spMHB222	7.54378	14.0639	9.7609	17.1097	12.1493	16.2336	8.92957	7.91946	8.2969	12.4829
chr4	122339800	122340800	spMHB223	6.85238	15.3708	12.7892	16.6877	8.8455	17.4651	6.89387	5.82909	4.7061	11.3276
chr4	134214600	134216800	spMHB224	2.40337	25.8279	4.38204	23.201	5.62314	16.6121	2.59619	8.65482	4.75581	14.383
chr4	139876800	139879000	spMHB225	2.73326	17.3346	2.03549	18.2055	6.09169	17.4899	4.04114	6.14062	4.27394	9.25781
chr4	142568600	142569600	spMHB226	10.3759	22.9922	10.2367	23.9045	10.2769	22.9569	9.24282	10.7228	9.16227	14.7258
chr4	151295500	151296400	spMHB227	7.79171	17.8334	9.54546	17.387	8.09063	16.3383	7.73342	8.47581	5.01911	10.3957
chr5	4796400	4799200	spMHB228	4.47191	14.7319	4.15801	14.9956	5.2283	12.4469	4.08806	5.41946	3.84091	7.35674
chr5	8758000	8760000	spMHB229	2.57504	10.125	7.50179	13.8537	9.25944	13.695	6.71531	6.6412	4.67831	9.52845
chr5	10162800	10164800	spMHB230	4.49813	16.0851	8.95815	16.9269	7.97561	15.5895	9.03798	7.35174	8.17837	10.2352
chr5	26397800	26401600	spMHB231	8.65805	14.6106	9.15272	14.5065	8.76519	13.4604	6.6304	7.21298	6.31009	10.0657
chr5	31290400	31291000	spMHB232	9.95249	23.3959	10.2674	18.1093	10.5982	15.7659	7.95043	6.7103	8.25943	11.1435
chr5	39898000	39898800	spMHB233	8.53398	16.6114	13.1517	18.6445	9.93364	17.7425	9.43359	8.07048	8.66913	13.0312
chr5	46685000	46685800	spMHB234	9.32724	21.7659	12.0011	21.6729	14.5582	21.6924	11.1776	12.0213	9.73564	14.5208
chr5	53081200	53084000	spMHB235	3.17177	15.8108	9.13816	17.2205	8.20058	16.3881	6.34846	5.75635	5.47726	9.6808
chr5	53973900	53975200	spMHB236	10.526	23.3177	8.02194	22.2739	6.7729	19.9671	8.10636	9.57442	4.13087	12.831
chr5	59039000	59041200	spMHB237	5.39878	15.1447	8.50451	15.489	6.86218	12.5437	4.68803	6.27886	4.64921	9.37799
chr5	60548000	60548800	spMHB238	9.14116	24.6967	13.0201	25.1571	13.6959	24.6904	13.1472	13.6063	13.7146	16.7066
chr5	62529800	62530400	spMHB239	13.4536	13.106	14.6227	16.0473	21.5867	25.7819	10.6343	11.6289	13.1701	11.9794
chr5	68099600	68100400	spMHB240	7.55651	17.397	14.7204	18.1806	12.2877	14.4597	10.4007	8.69661	9.67495	9.3198
chr5	74250800	74251400	spMHB241	14.3614	21.0092	12.2429	24.0527	6.87214	26.3296	10.2515	11.8885	11.7804	14.0527
chr5	75182000	75184000	spMHB242	10.6595	22.3169	11.9206	23.9093	10.9609	22.3099	10.6878	11.4906	9.47912	14.7301
chr5	76476600	76477200	spMHB243	7.45041	20.9544	3.84091	17.2031	8.425	20.3903	3.47544	10.253	4.41484	8.63581
chr5	77505500	77508300	spMHB244	7.32696	16.9173	3.32607	14.9419	5.74009	14.0035	6.76316	8.91735	4.04433	9.00527
chr5	77836500	77839400	spMHB245	7.91769	10.6114	7.00922	18.229	5.49252	21.5967	4.8654	7.76738	6.90704	12.7257
chr5	78432200	78432800	spMHB246	4.48225	12.6204	10.444	15.0147	12.3366	17.9649	8.03822	8.35563	6.59442	10.2813
chr5	90801200	90802100	spMHB247	5.28659	8.82491	8.45978	22.2458	13.8489	23.9714	10.3245	14.2604	7.16679	15.5443
chr5	93767200	93767800	spMHB248	10.0114	10.1422	13.004	14.8638	11.8615	14.5807	9.12648	8.76271	7.95857	7.6986
chr5	96548800	96549400	spMHB249	18.5485	24.4138	20.9686	21.2769	18.7077	16.9695	15.0525	9.44416	13.4606	17.7396
chr5	101154000	101156400	spMHB250	4.52085	13.0468	5.33872	18.159	2.78576	18.1932	5.05661	7.78865	4.66471	14.5416
chr5	104903400	104905200	spMHB251	8.38616	19.6787	10.4167	19.6831	11.6517	20.2293	8.62038	9.76017	9.33008	12.0976
chr5	112376600	112379400	spMHB252	3.70607	15.4853	7.06409	16.7973	3.95671	13.4941	4.65502	5.37342	3.66623	9.39615
chr5	117922600	117923600	spMHB253	5.53253	12.2008	1.8236	18.8906	4.49498	20.0768	6.30453	11.0436	2.65955	11.7355
chr5	134693200	134694000	spMHB254	0.66972	3.78526	4.85804	25.39	5.7348	18.4663	4.83934	10.9892	4.81036	15.2433
chr5	146311800	146312800	spMHB255	13.2596	15.5129	15.6846	19.9556	10.7179	18.0936	9.63568	7.28641	10.1357	12.0088
chr5	146736200	146737000	spMHB256	12.2481	14.6342	13.3828	18.2409	11.5353	17.2791	10.3022	7.74857	9.6241	10.7047
chr5	149395700	149396800	spMHB257	6.07947	20.1977	6.88535	13.4125	6.43341	20.2112	6.45984	8.6829	6.62242	12.4283
chr6	9381000	9381800	spMHB258	16.9675	19.9803	19.1791	20.014	16.0387	20.4494	15.6993	13.9906	13.2519	17.7063
chr6	10437400	10440000	spMHB259	6.34381	17.3558	3.69723	18.6605	5.43629	17.3628	4.35034	7.3946	5.54714	9.84966
chr6	19724200	19726800	spMHB260	7.82729	21.4501	13.2553	22.5492	8.91079	21.9758	9.50775	8.7303	10.2266	14.7104
chr6	19909200	19910800	spMHB261	9.84934	11.5707	10.1741	16.0242	5.44848	15.5581	5.79043	7.15254	6.73436	9.42832
chr6	24667600	24668400	spMHB262	10.5162	26.377	2.74552	15.0919	2.60673	27.9247	4.45694	9.14863	3.26339	11.3804
chr6	26197500	26198300	spMHB263	7.16982	18.8946	13.2425	20.0156	13.4293	20.6359	10.6219	9.07803	8.58291	12.8295
chr6	27178000	27178800	spMHB264	6.32151	18.6749	11.9181	21.4736	9.64733	17.6016	11.0126	10.5249	7.53076	9.34098
chr6	36661000	36661600	spMHB265	8.50153	18.7695	18.3624	19.7745	13.1922	15.5474	11.9848	8.25339	8.17967	13.2854
chr6	49842400	49843200	spMHB266	8.7479	16.3482	11.2778	15.7142	9.92642	15.1808	6.2629	9.72832	9.47828	11.5837
chr6	57149400	57150400	spMHB267	16.4289	18.7434	10.2748	19.5955	9.87347	17.0699	8.81728	8.65804	6.56185	10.4952
chr6	60249000	60249800	spMHB268	7.32167	19.866	13.346	20.945	11.7741	18.2396	13.4398	12.1595	14.6051	12.6751
chr6	80329000	80329600	spMHB269	15.0951	25.9649	14.0681	23.5282	11.8169	19.0867	8.27408	12.5492	8.67249	13.7791
chr6	81785000	81785800	spMHB270	7.52537	16.9089	12.2576	18.4279	13.1708	17.2124	11.1581	11.3364	9.92969	12.6694
chr6	83166400	83169200	spMHB271	12.7778	15.6568	9.21147	22.2386	5.40418	22.3928	7.77733	8.08739	7.72166	9.87044
chr6	102335200	102336000	spMHB272	13.9826	28.4999	24.0395	28.7801	25.1173	26.3982	18.7528	12.9702	17.9539	18.147
chr6	103198600	103199200	spMHB273	7.75469	19.6723	12.9851	16.7129	10.0402	18.539	12.1544	10.8982	11.1604	12.6729
chr6	107240000	107240800	spMHB274	6.27818	17.1916	12.578	15.5133	7.35546	18.0943	10.6421	8.03396	6.81005	12.9234
chr6	115003800	115004600	spMHB275	7.05138	18.4398	3.65438	16.0716	10.453	13.8724	4.73781	6.99194	4.46219	9.76135
chr6	125199500	125202300	spMHB276	6.4715	21.6912	6.04956	19.099	8.99731	19.9828	5.45836	9.31971	5.63078	12.653
chr6	133211800	133213400	spMHB277	5.98885	17.6451	11.1448	19.2999	14.3805	16.8972	9.73796	7.22926	7.40918	11.4576
chr6	133849600	133850400	spMHB278	3.15823	15.7957	10.5032	13.8897	9.63836	16.9063	8.37238	8.55746	8.17942	10.8607
chr6	146396000	146399000	spMHB279	9.73368	14.7397	10.3015	13.9454	9.67342	13.1646	7.43567	5.77195	7.60061	8.69972
chr7	5689100	5691600	spMHB280	5.62815	13.6168	5.75324	15.4043	6.33694	13.3568	5.71162	8.07723	3.93207	9.29716
chr7	6996200	6997200	spMHB281	8.87779	14.8842	10.044	18.7939	7.98944	19.2383	4.37292	8.51157	9.63652	12.8984
chr7	9584000	9586600	spMHB282	9.3918	9.73044	10.4221	11.4652	8.94754	11.1879	9.42166	6.6853	8.02615	9.28871
chr7	17356600	17357800	spMHB283	4.18022	4.40681	7.21372	30.1718	4.43048	27.9661	5.3368	13.9976	8.8236	14.5111
chr7	25456800	25457600	spMHB284	0.73689	0.711271	3.18225	24.5472	2.37664	16.7475	2.48256	7.68192	0.660152	13.7061
chr7	26651400	26653800	spMHB285	7.14466	10.4631	6.46241	11.4036	6.57837	9.36718	4.70939	5.65165	4.98222	7.88306
chr7	30516400	30519200	spMHB286	6.27638	14.9042	5.74391	16.9857	8.56496	17.367	5.37553	8.84679	6.43552	11.2775
chr7	31232200	31233000	spMHB287	6.78633	16.2547	8.93315	13.9824	5.83656	17.7617	7.31169	7.45344	8.73417	12.8372
chr7	31616800	31618400	spMHB288	4.60829	18.2323	1.66052	19.5409	3.37126	19.1905	2.83516	6.47475	3.16186	9.27177
chr7	32984800	32985400	spMHB289	12.6821	9.52135	9.6835	16.8311	3.80668	14.2582	8.18124	6.44196	11.7906	11.2875
chr7	33942600	33943800	spMHB290	7.34556	18.3444	8.69364	18.6832	9.97687	17.3078	8.20003	9.76698	7.10105	12.1594
chr7	36652200	36655200	spMHB291	3.44548	10.5838	1.76668	14.4053	1.52987	15.8653	2.21562	7.19154	1.91797	9.42227
chr7	37780400	37781200	spMHB292	3.53823	16.5031	5.53016	15.3742	0.170368	12.794	1.14057	4.34578	2.9612	6.84786
chr7	47245000	47245600	spMHB293	9.80673	14.7984	8.85033	14.7202	8.61174	13.6267	5.4951	5.83449	6.3947	11.0036
chr7	50031000	50031800	spMHB294	7.32619	17.9029	9.43574	18.2552	10.4915	19.2036	7.49542	9.04211	3.69788	12.1059
chr7	51876700	51877700	spMHB295	20.7685	27.7562	8.77791	22.7659	6.57786	23.4985	12.468	10.545	6.72993	15.5145
chr7	55047500	55051300	spMHB296	7.2395	15.2599	10.0272	16.0221	7.8303	13.8496	7.01825	8.16227	8.23465	9.49628
chr7	83186400	83188800	spMHB297	9.47343	20.2908	11.5002	21.1902	12.445	20.4772	9.19663	9.58093	9.43111	13.8231
chr7	93157400	93158400	spMHB298	19.5639	8.4091	9.81761	25.7571	9.67564	23.4418	8.15062	10.6654	8.99564	16.1343
chr7	96036600	96037200	spMHB299	4.45491	21.0685	6.32902	22.8074	5.3552	18.8671	10.9499	11.6548	9.83048	12.3375
chr7	112411600	112412200	spMHB300	6.26473	14.9994	11.9348	16.139	13.346	15.5611	11.8184	7.07045	8.54464	10.8906
chr7	127700500	127702700	spMHB301	7.7804	13.115	7.16023	13.3751	9.10866	12.5004	7.28789	6.42355	6.28361	7.20611
chr7	128935600	128939300	spMHB302	6.51647	12.1019	6.26338	9.87047	6.21242	11.3541	4.60533	5.76297	4.48956	6.5569
chr7	132729800	132730800	spMHB303	0.851589	25.8248	1.53022	31.0741	10.28	25.3982	6.06608	10.9528	5.3687	13.1876
chr7	134754400	134756100	spMHB304	9.97808	36.5326	0.462428	22.4927	1.41582	17.2566	1.52751	16.8825	1.4733	16.7738
chr7	135267300	135270100	spMHB305	6.9037	23.5419	8.19107	22.9268	8.10248	21.2638	8.26401	10.1565	5.87843	10.9378
chr7	140975800	140977800	spMHB306	1.4253	27.4652	1.33912	20.8605	1.20212	21.4933	0.842516	7.95942	1.09788	8.67771
chr7	149765700	149768400	spMHB307	3.30189	25.9198	1.43056	21.7872	0.677571	24.5721	1.63433	15.5856	0.984748	12.3157
chr8	12969200	12970400	spMHB308	3.05315	24.0878	9.01178	21.0894	3.52285	20.9759	5.06509	8.54466	5.06069	9.43312
chr8	13813200	13815600	spMHB309	4.5735	17.6629	6.06091	17.6984	7.042	16.7796	5.31695	7.50175	3.76872	10.4593
chr8	17339000	17341400	spMHB310	10.1464	20.1648	14.6131	20.1591	14.7689	18.9671	9.80018	8.6648	10.6122	11.6505
chr8	19389400	19392200	spMHB311	14.3725	10.8012	14.9492	14.7376	13.8402	13.3307	11.4078	7.43767	9.95241	10.3738
chr8	19527400	19530200	spMHB312	7.16955	14.6002	7.44296	15.4748	5.9998	13.3302	4.74662	4.66791	5.09514	7.69181
chr8	34595000	34598800	spMHB313	1.00509	7.42456	1.18006	8.32984	1.60256	8.67812	1.58389	3.90736	1.15227	4.44629
chr8	38373800	38375400	spMHB314	8.89736	18.8813	12.6624	18.8225	11.8137	18.4463	10.8583	10.0647	9.37291	12.3
chr8	38727600	38728600	spMHB315	4.57113	18.0251	14.111	17.6282	11.1882	16.4908	13.5292	9.64102	12.2975	13.8733
chr8	46575000	46575800	spMHB316	7.35602	21.8432	10.9256	21.1289	9.27362	17.6638	7.59111	9.92913	6.09347	11.4017
chr8	69710200	69710800	spMHB317	8.20307	16.2976	12.5146	17.4493	12.4602	16.0489	9.32713	7.06724	9.45514	11.0308
chr8	77314600	77318600	spMHB318	5.16219	8.61369	6.19162	9.99079	5.71015	10.0239	4.58856	5.91796	5.00102	5.60951
chr8	83038100	83040000	spMHB319	8.05558	17.1632	9.19267	18.7304	8.38218	16.2371	5.15491	9.42756	5.46337	11.2767
chr8	85274700	85279400	spMHB320	4.94823	8.30124	5.17539	13.3018	5.41318	14.1625	4.61929	6.47587	5.13459	8.20657
chr8	86001600	86002800	spMHB321	6.08172	15.5031	5.53863	18.3547	5.02352	16.4255	1.98487	5.17926	3.62862	10.5954
chr8	98521600	98523100	spMHB322	7.19993	22.0827	11.2723	19.9447	8.61531	21.5338	10.2081	9.63464	6.77326	14.157
chr8	123858400	123860400	spMHB323	3.84936	20.9748	2.78612	16.0489	6.30345	18.6491	3.04084	6.97398	4.23501	8.64668
chr8	127939000	127939800	spMHB324	3.87963	24.8485	5.33389	24.8361	1.49164	21.5316	1.94631	6.65649	3.18742	10.4369
chr9	6583400	6585400	spMHB325	3.7717	17.6403	9.61818	17.3716	7.82035	15.0635	6.14177	8.06393	5.86986	9.51032
chr9	7494600	7495200	spMHB326	9.55996	18.1751	9.67498	19.7689	11.307	17.2765	7.43212	8.7863	9.25342	10.054
chr9	8173600	8174600	spMHB327	9.52793	16.0168	9.34182	14.8056	11.2261	15.2732	9.07612	7.92083	8.60086	11.8171
chr9	12841600	12842200	spMHB328	3.91708	15.7606	12.0928	17.1752	10.4947	18.0859	10.9712	8.13569	9.11814	11.8889
chr9	15176000	15176800	spMHB329	3.57055	11.5369	8.56108	14.9276	11.137	17.6263	7.99302	8.34956	6.94588	9.11659
chr9	19030600	19031600	spMHB330	5.34587	20.0984	5.40112	20.3232	5.39388	20.8907	7.79076	8.22176	8.70411	8.13514
chr9	19405600	19406200	spMHB331	13.3648	18.2823	10.6412	18.0131	12.824	17.8633	8.34988	9.19779	8.77042	12.7311
chr9	31439200	31442400	spMHB332	2.74234	16.8831	6.54183	15.8438	5.64561	15.1436	4.57481	7.01458	5.59314	8.89095
chr9	36456800	36458200	spMHB333	2.79105	11.3468	2.4984	15.0501	5.25342	16.4714	3.97557	6.8493	4.45393	9.82238
chr9	57328000	57329000	spMHB334	7.86891	24.1004	4.30966	29.852	5.41908	11.362	1.98292	13.2133	5.02995	11.4608
chr9	59024300	59025200	spMHB335	6.3172	18.0176	11.0339	18.8706	3.62201	17.9287	6.27321	10.2989	6.69109	10.4371
chr9	67896000	67896800	spMHB336	8.70344	20.9561	11.1179	23.5624	10.4141	16.1574	7.55514	13.1797	7.46035	14.2764
chr9	74187300	74188000	spMHB337	9.77096	24.127	13.704	21.6573	9.64434	16.5247	8.40394	9.93843	6.81632	13.2286
chr9	85833200	85834800	spMHB338	6.65802	15.9932	10.9185	14.7905	6.0586	13.9736	7.88388	6.09021	7.82261	8.75243
chr9	86836400	86837000	spMHB339	10.5885	18.6496	9.27571	15.8081	13.0108	15.0318	11.4228	9.13125	7.21727	10.0727
chr9	88888000	88888600	spMHB340	7.83781	12.4024	12.2288	13.1159	9.37258	14.2418	8.67487	6.57913	8.71926	12.1498
chr9	89773700	89776700	spMHB341	1.0965	19.5918	3.69246	24.4719	7.60614	24.152	3.24208	12.5334	2.37251	16.3132
chr9	101065400	101066000	spMHB342	9.12304	20.7004	13.8506	20.7215	14.7973	20.6124	13.0377	9.97728	12.1429	14.6757
chr9	111792400	111793200	spMHB343	8.60449	16.8271	9.69142	16.4833	10.3722	14.8163	10.9742	9.75155	9.16121	9.01078
chr9	113942900	113943800	spMHB344	11.5492	21.2834	5.63513	19.894	3.58496	20.2546	6.39817	10.3238	7.21288	10.2498
chr9	115700200	115701000	spMHB345	6.34452	19.352	11.7076	18.4193	9.28628	12.4776	8.97849	9.79284	8.36164	8.04721
