chr1	15852600	15853400	spMHB1	0.28675	0.555097	0.320345	0.34924	0.382565	0.555289	1.83005	1.50941	1.41224	1.77463
chr1	28306000	28308200	spMHB2	0.180758	0.289178	0.175007	0.699471	0.108838	0.413826	0.298234	0.451796	0.375271	0.366212
chr1	28964400	28965200	spMHB3	0.355135	0.396557	0.176735	0.620078	0.449875	0.500548	0.432237	0.685416	0.885922	0.665603
chr1	30630800	30633300	spMHB4	0.040588	0.149476	0.0982323	0.784186	0.114557	0.411299	0.224244	0.399972	0.159696	0.392819
chr1	39576000	39576800	spMHB5	0.206951	0.115821	0.40655	0.54183	0.673636	0.671339	1.09887	1.23888	1.54265	1.91749
chr1	43911500	43912200	spMHB6	0.179018	0.242877	0.344169	0.586775	0.0515331	0.446767	0.541497	0.663387	0.743312	0.919876
chr1	47127400	47128000	spMHB7	0.120635	0.551696	0.250956	0.497601	0.452054	0.556262	1.15997	1.32215	1.24167	1.15913
chr1	49360200	49361200	spMHB8	0.162771	0.280184	0.43546	0.875683	0.254188	0.646144	0.183635	0.702397	0.548391	0.493811
chr1	65616200	65617500	spMHB9	0.00624443	0.303278	0.130303	0.765267	0.145581	0.310635	0.258026	0.464955	0.294784	0.554814
chr1	78951200	78952200	spMHB10	0.219846	0.306025	0.646566	0.339979	0.216127	0.519321	0.47986	0.542353	0.570798	0.827729
chr1	84682600	84685200	spMHB11	0.157502	0.38652	0.241264	0.63437	0.187606	0.454409	0.382762	0.365045	0.309057	0.447502
chr1	90468800	90469600	spMHB12	0.173235	0.25502	0.410125	0.702321	0.420861	0.383038	1.24349	1.73104	0.979288	1.46445
chr1	92948600	92950000	spMHB13	0.122306	0.080755	0.241025	0.657945	0.207479	0.235145	0.834709	0.892216	0.911114	1.44746
chr1	94384000	94386000	spMHB14	0.44527	0.256974	0.472954	0.806515	0.495569	0.638203	0.65515	1.1828	1.31989	1.17497
chr1	101531600	101532400	spMHB15	0.233903	0.290298	0.381893	0.654099	0.222584	0.60565	0.658062	0.751817	0.547245	0.62563
chr1	123166300	123167100	spMHB16	0.0726129	0.16385	0.135327	0.366102	0.270421	0.337348	0.799284	1.06056	0.64814	0.873993
chr1	123933800	123934600	spMHB17	0.350906	0.207417	0.405045	0.655727	0.187556	0.752207	0.435956	0.694755	0.69919	0.739507
chr1	124849600	124850400	spMHB18	0.429227	0.19339	1.10333	0.588127	0.596392	0.556311	0.855254	0.440357	0.680366	0.777002
chr1	128524600	128526400	spMHB19	0.22506	0.264937	0.199676	0.625075	0.260356	0.404383	0.341504	0.489323	0.31383	0.517071
chr1	140128200	140128800	spMHB20	0.179682	0.37148	0.625135	0.626783	0.624756	0.685499	1.08469	0.889885	0.739499	1.17008
chr1	146071600	146072400	spMHB21	0.351434	0.0565283	0.803503	0.413141	0.696642	0.715714	0.769518	1.27896	1.11602	1.67052
chr1	165606200	165608600	spMHB22	0.220233	0.299932	0.267206	0.598975	0.209034	0.544681	0.351246	0.337442	0.354941	0.395655
chr1	169935400	169937000	spMHB23	0.239875	0.191266	0.323734	0.446348	0.320937	0.490549	0.492818	1.10973	0.765601	0.848584
chr1	180433600	180434400	spMHB24	0.106753	0.428648	0.263505	0.501595	0.385047	0.403475	0.560354	0.50472	0.885019	0.7722
chr1	183643600	183646000	spMHB25	0.10619	0.177522	0.175166	0.703307	0.177143	0.47909	0.332535	0.245624	0.318397	0.488409
chr1	184803000	184804600	spMHB26	0.0840292	0.156413	0.0939193	0.583024	0.249247	0.362456	0.483596	0.798179	0.560045	1.1865
chr1	195906600	195907400	spMHB27	0.283474	0.467752	0.502354	0.466241	0.267284	0.707539	0.507296	0.489945	0.325425	0.621911
chr10	4382800	4383600	spMHB28	0.123558	0.494103	0.188217	0.487986	0.285583	0.729291	0.386779	0.664868	0.500563	1.00491
chr10	11407800	11409200	spMHB29	0.250829	0.0954495	0.301471	0.594213	0.472393	0.471291	0.543254	0.693082	0.734279	0.798229
chr10	48403000	48403600	spMHB30	0.276214	0.368647	0.729031	0.435278	0.356555	0.846654	0.677474	0.797047	0.628665	0.796784
chr10	49904100	49904800	spMHB31	0.551545	0.637553	0.535184	0.638167	0.37657	0.818959	0.510439	0.747814	0.434044	1.0378
chr10	52170700	52171400	spMHB32	0.230355	0.0862194	1.59437	0.877374	0.804975	0.946582	1.53039	1.2375	1.889	1.45303
chr10	55863800	55864400	spMHB33	0.222242	0.408034	0.477572	0.603512	0.51148	0.43014	0.931337	0.845506	0.441331	0.624288
chr10	55995600	55996400	spMHB34	0.193738	0.374881	0.869756	0.41802	0.5364	0.622291	0.65968	0.790709	0.470144	0.827822
chr10	65770200	65773200	spMHB35	0.255725	0.226684	0.418746	0.794545	0.149522	0.481795	0.359463	0.46197	0.233674	0.356807
chr10	67134600	67137600	spMHB36	0.107415	0.111698	0.561039	0.361516	0.428248	0.41815	0.391644	0.450513	0.475182	0.547358
chr10	72153600	72154400	spMHB37	0.373419	0.399108	0.407116	0.670668	0.249117	0.390045	0.499206	0.937607	0.584742	0.815892
chr10	73706200	73706800	spMHB38	0.259586	0.432402	0.319466	0.81336	0.272903	0.534658	0.652669	0.522835	0.520841	0.743691
chr10	77962200	77962800	spMHB39	0.380782	0.112775	0.445699	0.711197	0.664313	0.631196	1.08426	1.42133	1.20211	1.55535
chr10	81421000	81424800	spMHB40	0.0789363	0.287949	0.163769	0.543503	0.199381	0.418564	0.289372	0.227029	0.297629	0.352211
chr10	86869800	86872000	spMHB41	0.16965	0.119086	0.355492	0.363184	0.245671	0.49796	0.280412	0.326867	0.394217	0.35117
chr10	91048000	91050200	spMHB42	0.0832114	0.208035	0.127782	0.765684	0.186118	0.420302	0.304942	0.439879	0.197956	0.429482
chr10	107531400	107534400	spMHB43	0.152398	0.429171	0.344262	0.820973	0.189325	0.494446	0.45924	0.412697	0.428439	0.406965
chr10	113010800	113013800	spMHB44	0.218888	0.437333	0.312843	0.813833	0.232822	0.532166	0.267839	0.410931	0.309091	0.446546
chr10	121716800	121719600	spMHB45	0.13985	0.319565	0.20435	0.531073	0.353268	0.340914	0.459043	0.426504	0.501379	0.442807
chr10	125151800	125152600	spMHB46	0.408616	0.652855	0.862416	1.05156	0.718469	0.754835	0.9494	0.897189	0.813036	1.32811
chr10	127266400	127267200	spMHB47	0.170804	0.226118	0.238659	0.512097	0.500717	0.381433	0.906371	0.80922	1.28649	1.01096
chr11	3915900	3917600	spMHB48	0.0782405	0.206317	0.179536	0.348394	0.7593	0.756045	0.850314	1.20101	1.33143	2.15554
chr11	7741400	7746000	spMHB49	0.134537	0.21429	0.301311	0.754466	0.25612	0.461332	0.331548	0.40507	0.41335	0.495902
chr11	10757200	10757800	spMHB50	0.461674	0.227533	0.494135	0.513378	0.295211	0.765686	0.777552	0.789576	0.367038	0.949653
chr11	11242700	11243400	spMHB51	0.46868	0.365288	0.284154	1.05927	0.318165	0.846485	0.696238	1.17655	0.672062	1.2386
chr11	12821400	12823000	spMHB52	0.0793255	0.139941	0.0564649	0.38755	0.212129	0.283337	0.256962	0.356294	0.148405	0.365648
chr11	14470400	14471600	spMHB53	0.273468	0.406334	0.27442	0.536948	0.205113	0.605407	0.312961	0.339537	0.200786	0.6341
chr11	14745200	14746000	spMHB54	0.19691	0.170014	0.295312	0.497306	0.204938	0.39749	0.261735	0.321988	0.155257	0.597587
chr11	40447300	40448200	spMHB55	0.34715	0.445626	0.543572	0.236672	0.67686	0.380184	1.15278	1.05367	1.40042	1.62758
chr11	47607800	47608600	spMHB56	0.350273	0.33174	0.135514	0.792257	0.221408	0.616744	0.656604	0.86679	0.725243	1.03001
chr11	66519800	66520400	spMHB57	0.264519	0.315375	0.447457	0.550655	0.651417	0.670706	0.64167	0.785048	0.761586	1.07381
chr11	94606600	94607600	spMHB58	0.101468	0.0720852	0.120458	0.503163	0.874029	1.25596	0.848038	1.20305	1.21978	1.85787
chr11	102573000	102574400	spMHB59	0.0969387	0.282223	0.388374	0.401919	0.382769	0.426747	0.728684	0.964999	0.907157	1.36237
chr12	12338000	12340200	spMHB60	0.153854	0.206489	0.307307	0.57226	0.231413	0.485274	0.495295	0.374665	0.337267	0.340184
chr12	15430400	15431000	spMHB61	0.588931	0.578615	0.462012	0.459932	0.706488	0.465174	1.17075	1.22637	1.24588	1.97347
chr12	23324800	23327400	spMHB62	0.171031	0.265025	0.505988	0.521678	0.48991	0.545587	0.642083	0.675436	0.867446	0.811148
chr12	24704400	24707800	spMHB63	0.186621	0.203116	0.524707	0.67138	0.324478	0.522522	0.676217	0.686734	0.727085	0.78106
chr12	45029800	45030600	spMHB64	0.591467	0.295186	1.41277	0.871542	0.666841	0.518503	0.743795	0.395183	0.728856	0.796989
chr12	55700000	55700600	spMHB65	0.0329784	0.0138843	0.330258	0.524818	0.476104	0.75751	1.20763	0.977064	1.4019	2.19906
chr12	78511600	78512200	spMHB66	0.326526	1.10594	1.09869	0.44218	0.96214	0.7616	1.87109	1.09209	1.87856	2.27673
chr12	88491000	88495000	spMHB67	0.237748	0.173413	0.181027	0.426334	0.242268	0.325291	0.387168	0.482779	0.48222	0.596782
chr12	110764400	110769100	spMHB68	0.0610769	0.152071	0.0707046	0.758405	0.0341504	0.931331	0.0729653	1.56662	0.0989145	1.58807
chr12	111578800	111579600	spMHB69	0.0950195	0.398257	0.557313	0.241997	0.583845	0.510912	0.900871	0.73059	0.537005	0.848274
chr13	3158400	3162000	spMHB70	0.132234	0.187534	0.170524	0.40691	0.279352	0.286954	0.467177	0.479927	0.585227	0.652384
chr13	4353800	4355000	spMHB71	0.117323	0.321327	0.0501904	0.589805	0.592514	0.88451	1.16924	0.820597	1.06768	1.45123
chr13	5146200	5147200	spMHB72	0.0846426	0.459548	0.0903439	0.6157	0.296013	0.421576	0.644731	0.697508	0.544655	0.79575
chr13	17239500	17240100	spMHB73	0.550177	0.72001	0.814106	0.831899	0.293294	0.669344	1.18822	0.765348	0.959361	1.02464
chr13	19055600	19056400	spMHB74	0.13899	0.382956	0.340108	0.522599	0.53823	0.744326	0.583002	0.669961	0.691511	0.786454
chr13	21742200	21745000	spMHB75	0.0553546	0.174628	0.139817	0.719185	0.145526	0.330613	0.337211	0.468281	0.373894	0.496591
chr13	25317600	25318400	spMHB76	0.126624	0.0867064	0.0685094	0.840182	0.20324	0.659077	0.563589	0.564501	0.27558	0.699071
chr13	27255800	27256400	spMHB77	0.401075	0.44827	0.344563	0.746894	0.533089	0.801305	0.623335	0.749724	0.8419	0.777157
chr13	28305800	28307800	spMHB78	0.149538	0.421975	0.213739	0.512926	0.129132	0.390863	0.217671	0.364512	0.39557	0.453653
chr13	40926900	40927600	spMHB79	0.211873	0.297524	0.716734	1.01549	0.702353	0.592075	0.806791	1.11056	1.27597	1.37441
chr13	46174400	46175200	spMHB80	0.256203	0.109444	0.383022	0.522895	0.61822	0.496169	0.724708	1.60434	1.14479	1.85303
chr13	80629000	80631600	spMHB81	0.151356	0.351601	0.22783	0.669597	0.24793	0.464919	0.330598	0.465061	0.228294	0.487071
chr13	99890600	99891400	spMHB82	0.106014	0	0.150573	0.433552	0.135929	0.413255	0.395032	1.17095	1.0716	1.57725
chr13	108149800	108150400	spMHB83	0.223087	0.293841	0.206034	0.729145	0.509564	0.776587	1.08383	1.12425	1.00313	1.16842
chr13	114593600	114597200	spMHB84	0.120768	0.0894931	0.319677	0.424431	0.142318	0.372236	0.217016	0.439055	0.301414	0.774506
chr14	3277200	3280300	spMHB85	0.304019	0.301856	0.729557	0.583471	0.333112	0.610833	0.499948	0.853862	0.675188	1.12833
chr14	3864100	3867200	spMHB86	0.324449	0.33745	0.709788	0.694859	0.416626	0.648316	0.742075	0.916752	0.724155	1.11134
chr14	4704400	4706500	spMHB87	0.339713	0.524777	0.775817	0.616304	0.603668	0.656248	0.710658	1.0317	1.06842	1.24987
chr14	7491400	7500600	spMHB88	0.277695	0.290948	0.638495	0.479221	0.418678	0.415046	0.385323	0.567429	0.503927	0.745986
chr14	11517400	11518200	spMHB89	0.145542	0.304326	0.268398	0.581472	0.313683	0.563901	0.760781	0.591162	0.503876	0.457215
chr14	14755600	14756400	spMHB90	0.132648	0.240142	0.0376425	0.514168	0.574173	0.624919	0.879518	1.42399	1.4151	1.71173
chr14	14765100	14767900	spMHB91	0.123181	0.0537353	0.118307	0.675907	0.224807	0.468036	0.342572	0.588859	0.69478	0.872068
chr14	20103000	20106600	spMHB92	0.126237	0.264371	0.208837	0.55026	0.274414	0.52499	0.427958	0.522836	0.482692	0.622533
chr14	45079400	45081800	spMHB93	0.109606	0.117521	0.355606	0.307082	0.173702	0.350291	0.41676	0.349896	0.27061	0.396584
chr14	67561200	67562000	spMHB94	0.340972	0.212516	0.52701	0.603068	1.20978	1.08401	1.11812	1.20152	1.32535	1.50613
chr14	95380800	95381600	spMHB95	0.169218	0.137922	0.381893	0.917397	0.290288	0.652215	0.52978	0.623428	0.663952	0.98973
chr14	101488200	101490200	spMHB96	0.0580904	0.217022	0.0673048	0.796813	0.225329	0.404117	0.22427	0.360845	0.274977	0.26271
chr14	110891400	110892200	spMHB97	0.168796	0.0391023	0.485414	0.306491	0.15658	0.42289	0.597399	0.420996	0.521042	0.686674
chr14	112795400	112796000	spMHB98	0.356824	0.662773	0.720749	0.867796	0.379906	1.03058	0.896395	0.926795	1.10975	1.53614
chr15	3069200	3070200	spMHB99	0.345494	0.13635	0.585885	0.519612	0.412704	0.676973	0.699991	1.03689	0.842222	0.994812
chr15	6630200	6631600	spMHB100	0.100442	0.207901	0.123471	0.604611	0.118003	0.493062	0.213345	0.354498	0.151363	0.459407
chr15	11104200	11105000	spMHB101	0.299538	0.144724	0.67175	1.30702	0.31094	0.783302	0.357339	0.491813	0.528573	0.810624
chr15	20204800	20207200	spMHB102	0.245741	0.224913	0.106215	0.497305	0.449178	0.61178	0.487506	0.707833	0.47722	0.785317
chr15	20466800	20467800	spMHB103	0.234727	0.411264	0.158855	0.591796	0.125473	0.653851	0.258824	0.453365	0.310696	0.589871
chr15	23753800	23755200	spMHB104	0.237542	0.134795	0.216074	0.865625	0.454842	0.786679	0.410606	0.843208	0.57689	0.882603
chr15	24598200	24599200	spMHB105	0.262631	0.232068	0.379597	0.665046	0.291202	0.727421	0.572391	0.624957	0.522248	0.913502
chr15	33717000	33717600	spMHB106	0.368944	0.528744	0.818372	0.689501	0.525944	0.876628	1.12783	1.68626	1.42097	1.91377
chr15	34147600	34150400	spMHB107	0.110558	0.175113	0.18655	0.727256	0.273092	0.585735	0.49283	0.685173	0.752692	0.698981
chr15	36608800	36609600	spMHB108	0.268359	0.381469	0.335403	0.622149	0.261403	0.663164	0.536414	0.59252	0.590315	0.496569
chr15	69226400	69227200	spMHB109	0.492431	0.347042	0.199132	0.685163	0.180367	0.482593	0.47947	0.395183	0.328135	0.804581
chr15	74843600	74844400	spMHB110	0.23348	0.215917	1.12404	0.564609	0.792053	1.04897	0.848784	1.19116	1.224	1.77045
chr15	83524500	83532700	spMHB111	0.108322	0.110566	0.668132	0.583506	0.517452	0.477464	0.253868	0.311783	0.296581	0.279082
chr15	89541000	89543300	spMHB112	0.187678	0.246667	0.419774	0.434035	0.399561	0.51972	0.660227	0.738255	0.626508	0.732374
chr15	94317600	94318400	spMHB113	0.0758909	0.212516	0.383586	0.802906	0.501765	0.423182	0.661782	1.03594	0.960013	1.58747
chr15	96390600	96391800	spMHB114	0.126342	0	0.416965	0.737725	0.348887	0.312095	0.271332	0.172655	0.292245	0.384138
chr16	17210000	17210800	spMHB115	0.105695	0.0425025	0.128175	0.576589	0.239314	0.261295	0.181661	0.422355	0.321358	0.670097
chr16	19069400	19071400	spMHB116	0.131527	0.292763	0.342706	0.54103	0.397804	0.445048	0.755573	0.732967	0.863183	0.852147
chr16	28462000	28462800	spMHB117	0.264871	0.526194	1.2652	0.88515	0.469481	0.863294	0.575075	0.925211	0.979589	0.747722
chr16	31088000	31090300	spMHB118	0.338628	0.482471	0.285042	0.760126	0.196938	0.375321	0.243575	0.380526	0.218158	0.391087
chr16	50774000	50776200	spMHB119	0.0698756	0.131992	0.410589	0.627717	0.188969	0.487185	0.216647	0.419622	0.277359	0.383284
chr16	56038800	56040200	spMHB120	0.180467	0.323512	0.210696	0.440124	0.681666	0.815289	1.2137	1.49262	1.33259	2.04639
chr16	64572400	64573200	spMHB121	0.137405	0.318138	0.145491	0.337849	0.267283	0.611489	0.330325	0.489605	0.297716	0.668704
chr16	70373200	70373800	spMHB122	0.20843	0.176531	0.336532	0.448689	0.527512	0.699901	0.44108	0.871093	0.888883	1.04096
chr16	89710400	89712400	spMHB123	0.120789	0.124108	0.133709	0.362344	0.18455	0.295512	0.461354	0.425581	0.370632	0.572395
chr16	91139800	91145000	spMHB124	0.0760523	0.176584	0.0967136	0.502186	0.0588844	0.277067	0.0696823	0.213797	0.0962033	0.261914
chr16	91456800	91458000	spMHB125	0.17489	0.0566704	0.182569	0.494643	0.360475	0.563658	0.767522	0.655639	0.629669	0.73801
chr16	93993200	93993800	spMHB126	0.781857	0.274289	1.09518	1.75117	1.50934	2.82159	1.2704	1.73924	1.40169	1.46156
chr17	9385600	9388100	spMHB127	0.169248	0.46271	0.268503	0.845626	0.17951	0.605247	0.278132	0.32063	0.400353	0.453603
chr17	13283000	13284000	spMHB128	0.246142	0.169502	1.01623	0.629546	0.718128	0.443764	1.85008	1.34896	2.08152	1.65112
chr17	13560200	13561600	spMHB129	0.325901	0.0242871	0.652525	0.749318	0.559777	0.730708	0.29432	0.430191	0.429999	0.363524
chr17	15440800	15443600	spMHB130	0.16422	0.295519	0.149927	0.579337	0.199637	0.433963	0.373029	0.257746	0.344378	0.35166
chr17	18874600	18875200	spMHB131	0.141915	0.291291	1.13006	0.504897	0.515138	0.709048	0.697964	0.760138	0.682275	0.737493
chr17	22760500	22761400	spMHB132	0.127399	0.442036	0.110252	0.633884	0.648165	0.80591	1.95254	1.808	1.9894	2.17213
chr17	39624800	39627200	spMHB133	0.136629	0.312826	0.26087	0.558742	0.248202	0.517919	0.387049	0.792123	0.495692	0.534064
chr17	42209200	42209900	spMHB134	0.405746	0.553518	0.286735	0.467763	0.360885	0.892365	0.615633	0.838647	0.371054	1.02134
chr17	54899200	54901400	spMHB135	0.183833	0.204711	0.311551	0.841957	0.304084	0.512982	0.499767	0.513058	0.431016	0.597659
chr17	60557600	60559900	spMHB136	0.110475	0.469682	0.152014	0.844298	0.142066	0.533278	0.343559	0.463046	0.303589	0.551571
chr17	65805600	65806800	spMHB137	0.228442	0.170013	0.331515	0.337258	0.260707	0.36776	0.699688	0.598465	0.783169	0.606316
chr17	78196800	78198600	spMHB138	0.0975224	0.122125	0.366731	0.390377	0.145048	0.252634	0.260189	0.244095	0.313897	0.432856
chr17	82200000	82200600	spMHB139	0.387971	0.128926	0.344312	0.651634	0.49475	0.689781	0.834061	1.57576	1.05975	1.38017
chr17	88304400	88305600	spMHB140	0.140927	0.141817	0.484097	0.536455	0.538665	0.501375	0.317276	0.55363	0.841197	0.786661
chr17	92503000	92503600	spMHB141	0.0872349	0.17568	0.505678	0.794623	0.454842	0.530376	0.669923	0.65847	0.544735	1.06864
chr18	3092600	3093200	spMHB142	0.302006	0.350513	0.238157	0.509631	0.237875	0.420992	0.41455	0.743157	0.417636	0.642674
chr18	3975400	3976800	spMHB143	0.0844962	0.187378	0.150573	0.293304	0.275743	0.425579	0.359766	0.465808	0.560712	0.976184
chr18	10044200	10045300	spMHB144	0.351752	0.123646	0.109507	0.553058	0.248949	0.57201	1.30542	1.55536	1.91365	2.08065
chr18	15672800	15673600	spMHB145	0.350907	0.222717	0.934503	0.886925	0.610378	0.707976	1.32955	0.991782	1.2109	1.06301
chr18	16447200	16447800	spMHB146	0.294255	0.512593	0.100383	0.654789	0.0820799	0.443375	0.299373	0.498154	0.261827	0.91908
chr18	35687200	35688800	spMHB147	0.155689	0.178406	0.0752854	0.554551	0.16318	0.873878	0.703194	1.2129	0.984935	1.63744
chr18	41985600	41986400	spMHB148	0.24183	0.369356	0.823266	0.912663	0.441118	0.634261	0.948753	0.54463	0.97989	1.24677
chr18	44059600	44060200	spMHB149	0.291999	0.166896	0.460004	0.836633	0.354289	0.585652	0.871376	1.28003	0.51522	0.741628
chr18	45377000	45378200	spMHB150	0.303626	0.31495	0.272916	0.727764	0.318911	0.552272	0.806238	1.15901	0.863987	1.06523
chr18	73037200	73038000	spMHB151	0.421722	0.631178	1.30812	1.00718	0.437981	0.872635	0.920443	0.565518	0.947362	1.02118
chr18	74052800	74054800	spMHB152	0.143112	0.034002	0.131752	0.421334	0.114651	0.340122	0.249118	0.587529	0.356055	0.715246
chr18	74453000	74455600	spMHB153	0.227033	0.104296	0.184974	0.435794	0.313442	0.30785	0.351552	0.556401	0.676081	0.887044
chr18	74553200	74557600	spMHB154	0.106951	0.157649	0.218777	0.462504	0.197304	0.482195	0.487001	0.504813	0.51729	0.481063
chr18	82898600	82899800	spMHB155	0.056371	0.119717	0.250202	0.625305	0.118415	0.808796	0.237255	0.679303	0.381696	0.603423
chr18	90728600	90729800	spMHB156	0.210967	0.204582	0.0598516	0.635166	0.701172	0.761696	0.607482	0.899284	0.911472	1.48449
chr19	6674000	6674600	spMHB157	0.112743	0.0872718	0.0672546	0.143976	0.324838	0.383233	0.355883	0.617938	0.868805	0.810003
chr19	12446200	12446800	spMHB158	0.370494	0.191265	0.63944	0.670963	0.391409	0.786314	0.72514	0.759687	0.498755	1.03249
chr19	12618200	12619800	spMHB159	0.119331	0.226968	0.0946715	0.478741	0.244998	0.406102	0.693488	0.747147	0.924474	1.20098
chr19	43193000	43193600	spMHB160	0.269171	0.194382	0.598032	0.695813	0.449089	0.594799	0.648355	0.848449	0.806159	1.15562
chr19	44787600	44788200	spMHB161	0.0830083	0.532146	0.384716	0.506477	0.683308	0.854828	1.28269	0.962346	1.29307	1.20809
chr19	49251200	49252200	spMHB162	0.180697	0.407013	0.180688	0.845626	0.268826	0.691337	0.450097	0.987706	0.687414	0.696343
chr19	55088600	55091400	spMHB163	0.0942506	0.143236	0.159607	0.630306	0.182571	0.469956	0.336841	0.592836	0.403065	0.575033
chr2	7515600	7516300	spMHB164	0.280967	0.277608	0.332983	0.525071	0.376123	0.533184	0.443514	0.836316	0.429912	1.05905
chr2	10618800	10619800	spMHB165	0.237602	0.389333	0.797141	0.838644	0.621932	0.718664	0.492284	0.369675	0.601758	0.548845
chr2	19635000	19635800	spMHB166	0.335052	0.222505	0.479014	1.02715	0.224413	0.623458	0.909606	1.03916	0.593024	1.01576
chr2	19836400	19837000	spMHB167	0.291998	0.328692	0.457244	0.621656	0.599833	0.890253	0.756846	0.8172	0.748735	1.47953
chr2	29736500	29737200	spMHB168	0.0142544	0.203772	0.451507	0.444097	0.483373	0.807951	0.353848	1.42731	0.362794	1.32413
chr2	33911800	33913200	spMHB169	0.100078	0.0289017	0.568203	0.770702	0.587188	0.432503	0.541683	0.627286	0.482921	0.689597
chr2	39748200	39749000	spMHB170	0.418656	0.273509	0.481084	1.0026	0.230296	0.91059	0.702547	1.12663	0.787737	0.717508
chr2	52194200	52194800	spMHB171	0.197861	0.226686	0.382457	0.772533	0.390364	0.629833	0.742396	0.524646	1.2491	1.03125
chr2	54738200	54739000	spMHB172	0.221325	0.107532	0.233201	0.677914	0.242712	0.252391	0.404736	0.45598	0.513363	0.589375
chr2	67112800	67113600	spMHB173	0.268252	0.359579	0.860532	0.554698	0.554178	0.660975	0.760781	0.732458	0.634437	0.971757
chr2	72848700	72850400	spMHB174	0.104402	0.120008	0.219572	0.562373	0.195467	0.569886	0.550153	1.17064	0.664369	1.21083
chr2	88939800	88941800	spMHB175	0.18336	0.200786	0.296179	0.45719	0.149313	0.321729	0.353036	0.408327	0.133723	0.33522
chr2	107796400	107797600	spMHB176	0.153399	0.261537	0.119203	0.398692	0.348712	0.434811	0.633473	1.11666	1.00645	1.02805
chr2	111191000	111191800	spMHB177	0.163193	0.127509	0.136457	0.496565	0.521631	0.79308	0.52784	0.633958	0.697233	0.901417
chr2	129597800	129601200	spMHB178	0.193459	0.312525	0.266028	0.867295	0.257682	0.563154	0.269899	0.205348	0.283463	0.332256
chr2	151706000	151706800	spMHB179	0.190251	0.0939322	0.882743	0.543752	0.421643	0.329028	0.603223	0.599143	0.606578	0.693184
chr2	168199400	168200400	spMHB180	0.067646	0.0491331	0.271937	0.448256	0.539957	0.717144	1.15267	1.49882	1.46386	1.61443
chr2	169034400	169036200	spMHB181	0.205848	0.0769768	0.47916	0.402341	0.464485	0.454144	0.54159	0.498003	0.576593	0.775024
chr2	169391700	169393500	spMHB182	0.214819	0.120709	0.794865	0.853068	0.503753	0.688935	0.445464	0.415732	0.464554	0.520999
chr2	172891800	172894400	spMHB183	0.177958	0.19231	0.517975	0.601828	0.402319	0.520479	0.472553	0.929391	0.657454	0.794081
chr2	173544400	173545200	spMHB184	0.0422782	0.249494	0.399397	0.566087	0.522677	0.496607	0.654664	0.942363	0.736237	0.763523
chr2	178311600	178312400	spMHB185	0.0634177	0.541283	0.789199	0.466834	0.562933	0.719073	0.729238	0.837919	0.868153	1.24475
chr3	3068400	3070200	spMHB186	0.169817	0.363735	0.122383	0.431202	0.186931	0.382779	0.36523	0.481699	0.317309	0.474172
chr3	4170200	4171000	spMHB187	0.264131	0.396345	0.443064	0.432074	0.520061	0.443764	1.10922	1.06073	1.19042	1.23314
chr3	14669000	14670600	spMHB188	0.118854	0.164275	0.184359	0.814223	0.06535	0.737391	0.243779	0.600418	0.118589	0.402756
chr3	23467000	23468600	spMHB189	0.373789	0.38285	0.357613	0.829015	0.37727	0.900518	0.62142	0.582246	0.691209	0.958201
chr3	26821400	26822200	spMHB190	0.458398	0.603762	0.132692	0.316993	0.215265	0.522736	0.368339	0.727363	0.622088	0.704339
chr3	31725600	31726200	spMHB191	0.3075	0.110792	0.293369	0.725201	0.187688	0.860665	0.815728	1.14916	0.486506	0.791
chr3	36024000	36025500	spMHB192	0.307839	0.274175	0.479729	0.744409	0.60799	0.536565	0.927368	0.855107	1.04915	1.02175
chr3	39073200	39075600	spMHB193	0.164074	0.210037	0.515591	0.588522	0.293381	0.471596	0.287347	0.491079	0.52049	0.640247
chr3	45389600	45390400	spMHB194	0.421405	0.479228	0.814419	0.723916	0.458109	1.0516	1.03093	1.0069	1.2627	1.09927
chr3	56824800	56825600	spMHB195	0.0599294	0.379981	1.06626	0.696109	0.606065	0.483761	1.16487	0.953231	1.07431	1.01096
chr3	57060800	57061800	spMHB196	0.175623	0.172052	0.474761	0.958636	0.429436	0.698226	0.619755	0.736635	0.626214	0.944365
chr3	61842000	61842600	spMHB197	0.691101	0.11334	0.35134	0.719283	0.553827	0.603753	0.858866	0.962572	0.840093	1.11389
chr3	64764400	64765000	spMHB198	0.333994	0.561898	0.27028	0.654986	0.568117	0.620296	0.471923	0.6476	0.648743	0.738734
chr3	87638800	87639600	spMHB199	0.108021	0.0988183	0.451724	0.476745	0.452098	0.542151	0.793459	0.618503	1.02763	0.777314
chr3	93423800	93424400	spMHB200	0.24338	0.210532	0.173159	0.607851	0.476277	0.671096	0.506864	0.48819	0.529876	0.862889
chr3	97245400	97246200	spMHB201	0.201878	0.400171	0.86505	0.678507	0.738988	0.680243	0.819989	0.682699	0.727952	0.887162
chr3	98205600	98206400	spMHB202	0.251977	0.101583	0.603803	0.616232	0.206898	0.805926	0.503574	0.593878	0.565617	0.920164
chr3	106475800	106476800	spMHB203	0.13081	0.0661339	0.39872	0.742437	0.424414	0.583783	0.341907	0.764486	0.705967	0.946224
chr3	133611200	133611800	spMHB204	0.275793	0.370063	0.471548	0.693642	0.560449	1.04129	0.8112	0.951023	1.14107	0.984977
chr3	133639800	133640600	spMHB205	0.380078	0.303899	0.705441	0.598778	0.597045	0.726225	0.663076	1.37695	0.899777	0.849204
chr3	137113200	137113800	spMHB206	0.112742	0.166612	0.339545	0.501348	0.336861	0.410871	0.470628	0.972988	0.452173	0.627179
chr4	5283300	5283900	spMHB207	0.436308	0.281373	0.407554	0.734076	0.311244	0.83147	0.528649	0.63877	0.720023	0.931268
chr4	8062600	8064300	spMHB208	0.256851	0.396032	0.396187	0.766814	0.148475	0.399182	0.520389	0.633428	0.60803	0.723859
chr4	9637800	9640000	spMHB209	0.132254	0.195052	0.210187	0.731098	0.387256	0.635229	0.736061	0.711724	0.978727	0.865105
chr4	23348600	23350600	spMHB210	0.0971137	0.399618	0.193261	0.565645	0.147902	0.478039	0.353554	0.417769	0.271243	0.504223
chr4	24047800	24049900	spMHB211	0.189487	0.435965	0.257625	0.660481	0.185471	0.611426	0.30763	0.463478	0.269914	0.503231
chr4	53139400	53140000	spMHB212	0.0556666	0.220733	0.673068	0.488923	0.398553	0.632169	0.622041	1.4125	1.27982	1.82535
chr4	53416400	53417600	spMHB213	0.326667	0	0.269903	0.4337	0.305928	0.488238	0.496835	0.739307	0.531986	0.787073
chr4	54233500	54234100	spMHB214	0.410518	0.167463	0.318716	0.713958	0.266282	0.821546	0.618159	0.653036	0.642518	0.734809
chr4	55415000	55415800	spMHB215	0.134762	0.187865	0.150573	0.520677	0.12508	0.45442	0.946165	1.13444	0.903993	1.58763
chr4	61223600	61226800	spMHB216	0.271478	0.491606	0.346649	0.957926	0.378251	0.784979	0.485943	0.434965	0.31221	0.435951
chr4	61665000	61665800	spMHB217	0.220162	0.370417	0.712593	0.589755	0.799503	0.899642	1.27196	1.82512	1.51358	2.35626
chr4	70532100	70533000	spMHB218	0.275463	0.274478	0.226697	0.679902	0.244209	0.615171	0.434393	0.957968	0.438787	0.917496
chr4	78305200	78307800	spMHB219	0.193991	0.422877	0.173739	0.806594	0.161426	0.483739	0.31885	0.445726	0.292608	0.560867
chr4	102946200	102946800	spMHB220	0.209699	0.258704	0.466027	0.311618	0.731407	0.45914	1.39118	0.817201	0.931653	1.67785
chr4	110296000	110296600	spMHB221	0.296227	0.304326	0.816615	0.631715	0.362132	0.486194	0.65418	0.529854	0.495342	0.620776
chr4	121028000	121029000	spMHB222	0.196001	0.404804	1.24615	0.893078	1.07552	0.852726	1.13223	0.987707	1.41772	1.02568
chr4	122339800	122340800	spMHB223	0.285798	0.368081	0.314247	0.629545	0.624441	0.512547	0.525543	0.694246	0.636334	0.78261
chr4	134214600	134216800	spMHB224	0.166192	0.0927339	0.244203	0.692586	0.172526	0.480815	0.291058	0.265236	0.255565	0.418214
chr4	139876800	139879000	spMHB225	0.227417	0.115145	0.931988	0.687476	0.635543	0.610069	0.521589	0.669915	0.481341	0.819695
chr4	142568600	142569600	spMHB226	0.113221	0.37097	0.128137	0.73439	0.208284	0.327218	0.359636	0.607159	0.628383	0.525047
chr4	151295500	151296400	spMHB227	0.256111	0.259554	0.551771	0.631517	0.617492	0.48801	1.0133	0.991632	1.13699	1.36922
chr5	4796400	4799200	spMHB228	0.115994	0.303596	0.130676	0.801005	0.249453	0.466703	0.454745	0.838598	0.750499	1.00779
chr5	8758000	8760000	spMHB229	0.24758	0.271426	0.189119	0.651023	0.194483	0.521423	0.448737	0.380612	0.683861	0.841983
chr5	10162800	10164800	spMHB230	0.116773	0.213537	0.560136	0.536592	0.457455	0.569011	0.742891	0.836357	0.958477	1.01973
chr5	26397800	26401600	spMHB231	0.087492	0.229116	0.229585	0.348655	0.294394	0.345146	0.455905	0.487739	0.51283	0.533306
chr5	31290400	31291000	spMHB232	0.140927	0.05667	0.394003	0.364474	0.900972	0.507798	0.833414	0.178203	0.839491	0.90028
chr5	39898000	39898800	spMHB233	0.270895	0.360641	0.723133	0.783529	0.607502	0.659369	0.751724	1.04137	0.848425	0.756861
chr5	46685000	46685800	spMHB234	0.314549	0.182978	0.608508	1.00585	0.358384	0.596599	0.31528	0.656207	0.537607	1.04489
chr5	53081200	53084000	spMHB235	0.196684	0.221989	0.350192	0.667075	0.4647	0.612052	0.641469	0.849905	0.673224	0.806242
chr5	53973900	53975200	spMHB236	0.269343	0.183091	0.595811	0.366022	0.702331	0.369474	0.970094	1.75177	1.3352	1.8045
chr5	59039000	59041200	spMHB237	0.156545	0.368698	0.28917	0.795376	0.208979	0.310369	0.524295	0.395229	0.418586	0.418215
chr5	60548000	60548800	spMHB238	0.209699	0.180639	0.426125	0.433405	0.198273	0.582002	0.326927	0.994332	0.493184	0.782427
chr5	62529800	62530400	spMHB239	0.185882	0.336911	0.237906	0.652424	0.176358	0.527456	0.402903	0.549328	0.429081	1.05708
chr5	68099600	68100400	spMHB240	0.181478	0.129847	0.542255	0.649219	0.476147	0.881688	0.608076	0.82705	0.839392	0.842385
chr5	74250800	74251400	spMHB241	0.420381	0.254737	0.855263	0.507857	0.418594	0.83809	1.07736	1.03186	0.936471	1.04943
chr5	75182000	75184000	spMHB242	0.211982	0.563172	0.316281	0.471686	0.202273	0.418072	0.514089	0.64982	0.302023	0.615095
chr5	76476600	76477200	spMHB243	0.180106	0	0.333772	0.437251	0.51392	0.953117	0.380471	0.920682	0.852141	1.37294
chr5	77505500	77508300	spMHB244	0.0785169	0.170438	0.110563	0.319169	0.313011	0.337619	0.724662	0.77125	0.556582	0.72417
chr5	77836500	77839400	spMHB245	0.158354	0.281636	0.483447	0.551689	0.421562	0.38187	0.668615	0.807996	0.751912	1.1708
chr5	78432200	78432800	spMHB246	0.234924	0.13856	1.19506	0.500361	0.613601	0.774249	1.15026	0.885812	0.586298	0.775093
chr5	90801200	90802100	spMHB247	0.273115	0.342106	0.255975	0.500954	0.305899	0.688352	0.89812	1.27437	1.00554	1.13799
chr5	93767200	93767800	spMHB248	0.596824	0.297524	0.287345	0.841761	0.936869	1.16585	1.97181	1.45099	1.92876	1.60782
chr5	96548800	96549400	spMHB249	0.375147	0.110507	0.246691	0.661298	0.297825	0.844318	0.313177	0.509928	0.58168	0.608587
chr5	101154000	101156400	spMHB250	0.140469	0.171359	0.163623	0.554402	0.341262	0.563268	0.332751	0.483152	0.590213	0.547957
chr5	104903400	104905200	spMHB251	0.103769	0.315564	0.156261	0.464138	0.0987511	0.199888	0.332877	0.311195	0.342609	0.365235
chr5	112376600	112379400	spMHB252	0.253668	0.202255	0.614343	0.791454	0.3843	0.692796	0.417169	0.513552	0.743915	0.611422
chr5	117922600	117923600	spMHB253	0.0741569	0.305003	0.562998	0.842312	0.367742	0.314021	0.311624	0.267508	0.489479	0.406676
chr5	134693200	134694000	spMHB254	0.129583	0.143022	0.815737	0.384148	0.755193	0.440115	1.37549	0.507267	0.845113	0.706042
chr5	146311800	146312800	spMHB255	0.448653	0.302624	0.504123	0.486359	0.402457	0.504957	0.368694	0.607702	0.598627	0.683576
chr5	146736200	146737000	spMHB256	0.450998	0.291574	0.887259	1.01561	0.781074	0.554705	1.01297	1.03781	1.10307	1.05356
chr5	149395700	149396800	spMHB257	0.206009	0.278204	0.701677	0.568656	0.721474	0.652374	1.342	1.41974	1.76076	1.73889
chr6	9381000	9381800	spMHB258	0.210439	0.152799	0.451723	0.821396	0.352633	0.727831	0.451649	0.723627	0.512007	1.00383
chr6	10437400	10440000	spMHB259	0.126022	0.39064	0.12538	0.606515	0.127362	0.509835	0.311534	0.350101	0.22556	0.325891
chr6	19724200	19726800	spMHB260	0.319166	0.52312	0.278214	0.884377	0.265063	0.525555	0.577726	0.570091	0.37351	0.514959
chr6	19909200	19910800	spMHB261	0.201877	0.29678	0.368718	0.674069	0.607698	0.519451	0.861886	0.909925	0.755511	1.3852
chr6	24667600	24668400	spMHB262	0.0622548	0.0977582	0.208545	0.519494	0.504638	0.753521	1.36643	1.31547	1.85377	2.38648
chr6	26197500	26198300	spMHB263	0.210545	0.454363	0.164125	0.751283	0.250293	0.611635	0.502927	0.70936	0.542728	0.923416
chr6	27178000	27178800	spMHB264	0.205365	0.25502	0.437607	0.417134	0.410534	0.662872	0.642209	0.948986	0.570587	0.666069
chr6	36661000	36661600	spMHB265	0.533407	0.489357	0.382459	1.06088	0.452926	0.846458	1.16902	1.23543	0.942093	0.967832
chr6	49842400	49843200	spMHB266	0.275652	0.0629037	0.938455	0.706315	0.385441	0.571637	0.812871	1.0018	0.649346	0.656774
chr6	57149400	57150400	spMHB267	0.25705	0.304153	0.261697	0.620196	0.202533	0.619984	0.649131	0.70729	0.523692	0.747533
chr6	60249000	60249800	spMHB268	0.381241	0.340027	1.03181	0.724066	0.777414	0.643895	0.627003	0.704604	0.565617	0.823949
chr6	80329000	80329600	spMHB269	0.163335	0.359862	1.09267	0.393072	0.951335	0.540691	0.71759	0.704437	0.608987	0.714356
chr6	81785000	81785800	spMHB270	0.386103	0.0259265	0.937702	1.16782	0.52712	0.771623	0.701737	0.860506	0.609439	1.10593
chr6	83166400	83169200	spMHB271	0.19762	0.0607179	0.447635	0.845887	0.735553	0.837311	0.809565	0.757034	0.695856	0.672732
chr6	102335200	102336000	spMHB272	0.237391	0.445649	0.436665	0.486507	0.616651	0.727685	0.66356	0.643469	0.819813	0.891501
chr6	103198600	103199200	spMHB273	0.196311	0.29979	0.364138	0.419895	0.260009	0.442402	0.515707	0.251567	0.473656	0.660647
chr6	107240000	107240800	spMHB274	0.247643	0.201039	0.150573	0.377492	0.152789	0.330195	0.616002	0.615788	0.55613	0.822399
chr6	115003800	115004600	spMHB275	0.0764182	0.12751	0.253528	0.411809	0.585676	0.615576	0.971885	0.673187	0.951581	1.03668
chr6	125199500	125202300	spMHB276	0.107237	0.164123	0.176816	0.732624	0.244038	0.425955	0.427152	0.444991	0.427676	0.423285
chr6	133211800	133213400	spMHB277	0.16145	0.124109	0.329569	0.457515	0.173047	0.281805	0.255992	0.285476	0.267824	0.498894
chr6	133849600	133850400	spMHB278	0.455014	0.212517	1.02842	0.827905	0.608547	0.583462	0.42706	0.728552	0.669976	1.34376
chr6	146396000	146399000	spMHB279	0.114546	0.140431	0.123469	0.337021	0.203825	0.42356	0.418605	0.597243	0.525097	0.663663
chr7	5689100	5691600	spMHB280	0.110364	0.220338	0.32518	0.583584	0.422762	0.43288	0.789259	0.927602	0.710062	0.944043
chr7	6996200	6997200	spMHB281	0.176892	0.392903	0.060228	0.386839	0.706105	0.634465	1.14193	1.32817	1.26183	1.65323
chr7	9584000	9586600	spMHB282	0.23539	0.360103	0.249315	0.571333	0.263734	0.33974	0.288539	0.323974	0.279634	0.440303
chr7	17356600	17357800	spMHB283	0.0920978	0.301491	0.317836	0.317337	0.333637	0.551104	0.809472	0.897586	1.06487	1.1049
chr7	25456800	25457600	spMHB284	0.0510531	0.212516	0.577641	0.565052	0.684615	0.555435	0.876929	0.822805	0.785779	1.28085
chr7	26651400	26653800	spMHB285	0.198354	0.170013	0.455362	0.44721	0.570557	0.433205	0.736301	0.844091	1.10478	1.19388
chr7	30516400	30519200	spMHB286	0.147731	0.176935	0.62085	0.578492	0.645294	0.61764	1.0506	1.34662	1.2209	1.45091
chr7	31232200	31233000	spMHB287	0.162136	0.210603	0.330133	0.508398	0.403999	0.425079	0.783753	0.925889	1.06904	1.54332
chr7	31616800	31618400	spMHB288	0.11246	0.0810748	0.12667	0.800023	0.115082	0.645937	0.794995	1.42263	0.885094	1.6606
chr7	32984800	32985400	spMHB289	0.202372	0.170013	0.657759	0.698179	0.299219	0.466925	0.695375	0.725493	0.591318	1.08827
chr7	33942600	33943800	spMHB290	0.210473	0.283214	0.498527	0.831011	0.160065	0.402988	0.365158	0.521703	0.532788	0.439398
chr7	36652200	36655200	spMHB291	0.113221	0.200728	0.125678	0.423642	0.229163	0.436056	0.209949	0.436518	0.167816	0.524758
chr7	37780400	37781200	spMHB292	0.166259	0.267772	0.460004	0.344802	0.20729	0.311657	0.238764	0.160315	0.247418	0.144867
chr7	47245000	47245600	spMHB293	0.351187	0.0136008	0.556872	0.755572	0.829871	0.474321	1.01934	1.17859	0.836679	1.52209
chr7	50031000	50031800	spMHB294	0.165096	0.209966	0.557125	0.754832	0.587635	0.654989	1.29898	1.81	1.55771	1.9714
chr7	51876700	51877700	spMHB295	0.203357	0.158112	0.905404	0.628481	0.540896	0.398687	0.453589	0.634739	0.282265	0.685684
chr7	55047500	55051300	spMHB296	0.14157	0.303967	0.23018	0.72957	0.203233	0.483408	0.174808	0.318342	0.295568	0.388481
chr7	83186400	83188800	spMHB297	0.105696	0.184181	0.250392	0.800441	0.123163	0.383233	0.360574	0.518421	0.452423	0.46584
chr7	93157400	93158400	spMHB298	0.370777	0.356179	1.15701	0.836514	0.69408	0.54291	0.40066	0.684057	0.501525	0.744683
chr7	96036600	96037200	spMHB299	0.286221	0.487657	1.29293	0.560911	0.628239	0.801497	0.74757	0.901661	1.09228	0.658994
chr7	112411600	112412200	spMHB300	0.437011	0.189847	0.34381	1.03879	0.279177	1.05978	1.18348	0.920229	0.880854	0.877143
chr7	127700500	127702700	spMHB301	0.264929	0.0973704	0.427289	0.466888	0.42048	0.548228	0.630414	0.705857	0.848453	0.796146
chr7	128935600	128939300	spMHB302	0.166991	0.135183	0.422055	0.48313	0.337986	0.445342	0.402856	0.461485	0.555344	0.547452
chr7	132729800	132730800	spMHB303	0.120155	0.252131	0.396763	0.594636	0.44564	0.696474	0.335047	0.443991	0.543932	0.565455
chr7	134754400	134756100	spMHB304	0.130018	0.301725	0.341006	0.935477	0.0738071	1.27578	0.279149	1.34942	0.472181	2.1613
chr7	135267300	135270100	spMHB305	0.0992941	0.245366	0.259524	0.753798	0.153555	0.468872	0.269777	0.374877	0.429913	0.413192
chr7	140975800	140977800	spMHB306	0.0366136	0.231813	0.157349	0.979463	0.257848	0.794862	0.207511	0.742614	0.414303	0.764143
chr7	149765700	149768400	spMHB307	0.0375816	0.1532	0.0697091	0.83821	0.0576242	0.819881	0.112874	1.24735	0.151705	1.14873
chr8	12969200	12970400	spMHB308	0.0792725	0.335211	0.0752856	0.880712	0.207553	0.704864	0.49155	0.555443	0.545939	0.873116
chr8	13813200	13815600	spMHB309	0.158015	0.28038	0.174037	0.638864	0.319696	0.48887	0.274946	0.451962	0.359408	0.471109
chr8	17339000	17341400	spMHB310	0.1726	0.198348	0.200764	0.647739	0.236657	0.367711	0.272412	0.3722	0.433197	0.465324
chr8	19389400	19392200	spMHB311	0.149121	0	0.187195	0.279653	0.219017	0.263547	0.416429	0.642085	0.380176	0.644179
chr8	19527400	19530200	spMHB312	0.183336	0.17062	0.129062	0.492868	0.34692	0.472875	0.835726	0.976741	0.965026	1.25587
chr8	34595000	34598800	spMHB313	0.0561042	0.20952	0.100804	0.545434	0.201831	0.472466	0.34066	0.538186	0.259743	0.598608
chr8	38373800	38375400	spMHB314	0.270738	0.297524	0.227743	0.809194	0.24402	0.462011	0.405222	0.499285	0.345679	0.504936
chr8	38727600	38728600	spMHB315	0.240139	0.290893	0.265461	0.405418	0.256488	0.691921	0.388106	0.455676	0.16866	0.710598
chr8	46575000	46575800	spMHB316	0.130957	0.164699	0.137397	0.444795	0.24049	0.65426	0.927562	1.13104	1.07205	1.09462
chr8	69710200	69710800	spMHB317	0.299187	0.344561	0.690886	0.945698	0.619527	0.749922	0.862532	1.37627	0.924625	1.15066
chr8	77314600	77318600	spMHB318	0.35732	0.238699	0.562395	0.568514	0.430714	0.537129	0.691223	0.774744	0.812374	0.703099
chr8	83038100	83040000	spMHB319	0.266929	0.232918	0.777281	0.626493	0.631112	0.763679	0.797248	0.802935	0.94482	1.00894
chr8	85274700	85279400	spMHB320	0.134773	0.209803	0.52387	0.661671	0.293942	0.35844	0.321712	0.577377	0.457922	0.533955
chr8	86001600	86002800	spMHB321	0.0746921	0.0566713	0.518352	0.759714	0.544765	1.10279	0.766336	0.865657	0.903341	0.986527
chr8	98521600	98523100	spMHB322	0.203385	0.405086	0.200161	0.796083	0.194971	0.579462	0.541546	0.487467	0.443498	0.648252
chr8	123858400	123860400	spMHB323	0.139053	0.294209	1.01758	0.770306	0.558307	0.770688	0.332395	0.625842	0.543329	0.780443
chr8	127939000	127939800	spMHB324	0.0981932	0.193179	0.147185	0.56594	0.0892681	0.434714	0.307514	0.400108	0.674494	0.928686
chr9	6583400	6585400	spMHB325	0.132881	0.25298	0.113306	0.483224	0.263547	0.374513	0.229187	0.37606	0.302987	0.404755
chr9	7494600	7495200	spMHB326	0.135431	0.753163	0.418345	0.63842	0.531346	0.443375	1.58487	1.6763	1.22801	1.65533
chr9	8173600	8174600	spMHB327	0.301188	0.316225	0.257331	0.686346	0.499387	0.664945	1.02443	1.2991	1.14039	1.51366
chr9	12841600	12842200	spMHB328	0.658548	0.480857	0.301148	0.695419	0.398727	0.733182	0.790709	1.18969	1.01016	1.15851
chr9	15176000	15176800	spMHB329	0.353761	0.435448	0.648411	0.751578	0.841197	1.10254	1.40865	1.45048	1.80317	1.2824
chr9	19030600	19031600	spMHB330	0.118379	0.212516	0.289552	0.65558	0.590145	0.769345	0.824097	0.935944	0.846317	0.923541
chr9	19405600	19406200	spMHB331	0.236334	0.177944	0.324237	0.77135	0.22585	0.826608	1.47336	1.24403	1.55208	1.20912
chr9	31439200	31442400	spMHB332	0.129927	0.34635	0.192687	0.677508	0.272447	0.554376	0.555178	0.728637	0.945895	1.14501
chr9	36456800	36458200	spMHB333	0.133901	0.138924	0.171008	0.465482	0.257071	0.574057	0.500917	0.471241	1.07186	1.06676
chr9	57328000	57329000	spMHB334	0.0643499	0.098947	0.150573	0.169695	0.424623	0.716211	1.29878	1.68073	1.95129	2.20579
chr9	59024300	59025200	spMHB335	0.282699	0.235752	0.612169	0.771548	0.683018	0.75881	0.792578	0.82271	0.631275	0.752917
chr9	67896000	67896800	spMHB336	0.23739	0.202527	0.933184	0.622446	0.730755	0.799503	0.804459	0.844712	1.09253	1.46383
chr9	74187300	74188000	spMHB337	0.280726	0.351443	0.45538	0.585592	0.350878	0.73121	1.32851	1.30368	0.847436	1.5915
chr9	85833200	85834800	spMHB338	0.221378	0.16385	0.34472	0.568825	0.617174	0.410628	0.93743	0.852439	0.865819	1.09726
chr9	86836400	86837000	spMHB339	0.0715908	0.158112	0.492629	0.833279	0.389665	0.652605	0.476453	0.528043	0.59192	0.661266
chr9	88888000	88888600	spMHB340	0.565396	0.359296	1.39131	0.875288	0.641658	0.437146	1.034	1.0656	1.08987	1.38079
chr9	89773700	89776700	spMHB341	0.0771445	0.234505	0.148014	0.528053	0.140459	0.670394	0.10245	0.927656	0.104328	1.05286
chr9	101065400	101066000	spMHB342	0.283403	0.599299	0.385218	0.971929	0.369276	0.475489	0.628297	0.741572	0.758372	1.13165
chr9	111792400	111793200	spMHB343	0.214982	0.350653	0.220967	0.407519	0.303488	0.553245	0.392119	0.451395	0.593626	0.561177
chr9	113942900	113943800	spMHB344	0.174281	0.274478	0.241252	0.580501	0.373401	0.891808	0.955063	1.30034	1.13699	1.87328
chr9	115700200	115701000	spMHB345	0.242781	0.127509	0.383022	0.435919	0.64985	0.544779	0.757062	1.41109	1.36435	1.827
